kernel,clang,gcc,nvc,intel,Compiler,Cluster,thread_per_core,core_per_socket,num_sockets,cpu_clock,l1i,l1d,l2,l3,gpu_name,connector_bandwidth,memory_clock,memory_bandwidth,memory_total,sm_clock,num_cores,compute_capability,threads_per_wrap,max_wraps_per_sm,max_threads_per_sm,max_thread_blocks_per_sm,max_32-bit_registers_per_sm,max_registers_per_block,max_registers_per_thread,max_thread_block_size,shared_memory_size_per_sm,collapse1,collapse2,collapse3,collapse4,static,dynamic,guided,Iter,VarDecl,refExpr,intLiteral,floatLiteral,mem_to,mem_from,add_sub_int,add_sub_float,mul_int,mul_float,div_int,div_float,bit_rel_logic_int,bit_rel_logic_float,rem_int,assign_int,assign_float,Iter_log,VarDecl_log,refExpr_log,intLiteral_log,floatLiteral_log,mem_to_log,mem_from_log,add_sub_int_log,add_sub_float_log,mul_int_log,mul_float_log,div_int_log,div_float_log,bit_rel_logic_int_log,bit_rel_logic_float_log,rem_int_log,assign_int_log,assign_float_log,runtime
exxact_wilson_dslash_collapse1_static,1,0,0,0,Clang,Exxact,2,10,2,2400,640,640,20480,28160,NVIDIA GeForce RTX 2080,32,7000,448,7982,2100,2944,7.5,32,32,1024,16,65536,65536,255,1024,64,1,0,0,0,1,0,0,0,1,4294967292,2147483647,0,0,0,2147483646,0,0,0,0,0,2147483646,0,0,0,0,0,0.000000,9.632960,9.331930,0,0,0,9.331930,0,0,0,0,0,9.331930,0,0,0,0,48080
exxact_wilson_dslash_collapse2_static,1,0,0,0,Clang,Exxact,2,10,2,2400,640,640,20480,28160,NVIDIA GeForce RTX 2080,32,7000,448,7982,2100,2944,7.5,32,32,1024,16,65536,65536,255,1024,64,0,1,0,0,1,0,0,0,0,0,0,0,0,0,0,0,0,0,0,0,0,0,0,0,0,0,0,0,0,0,0,0,0,0,0,0,0,0,0,0,0,0,0,15993
exxact_wilson_dslash_collapse1_dynamic,1,0,0,0,Clang,Exxact,2,10,2,2400,640,640,20480,28160,NVIDIA GeForce RTX 2080,32,7000,448,7982,2100,2944,7.5,32,32,1024,16,65536,65536,255,1024,64,1,0,0,0,0,1,0,0,1,4294967292,2147483647,0,0,0,2147483646,0,0,0,0,0,2147483646,0,0,0,0,0,0.000000,9.632960,9.331930,0,0,0,9.331930,0,0,0,0,0,9.331930,0,0,0,0,328951
exxact_wilson_dslash_collapse2_dynamic,1,0,0,0,Clang,Exxact,2,10,2,2400,640,640,20480,28160,NVIDIA GeForce RTX 2080,32,7000,448,7982,2100,2944,7.5,32,32,1024,16,65536,65536,255,1024,64,0,1,0,0,0,1,0,0,0,0,0,0,0,0,0,0,0,0,0,0,0,0,0,0,0,0,0,0,0,0,0,0,0,0,0,0,0,0,0,0,0,0,0,166671
exxact_wilson_dslash_collapse1_guided,1,0,0,0,Clang,Exxact,2,10,2,2400,640,640,20480,28160,NVIDIA GeForce RTX 2080,32,7000,448,7982,2100,2944,7.5,32,32,1024,16,65536,65536,255,1024,64,1,0,0,0,0,0,1,0,1,4294967292,2147483647,0,0,0,2147483646,0,0,0,0,0,2147483646,0,0,0,0,0,0.000000,9.632960,9.331930,0,0,0,9.331930,0,0,0,0,0,9.331930,0,0,0,0,314790
exxact_wilson_dslash_collapse2_guided,1,0,0,0,Clang,Exxact,2,10,2,2400,640,640,20480,28160,NVIDIA GeForce RTX 2080,32,7000,448,7982,2100,2944,7.5,32,32,1024,16,65536,65536,255,1024,64,0,1,0,0,0,0,1,0,0,0,0,0,0,0,0,0,0,0,0,0,0,0,0,0,0,0,0,0,0,0,0,0,0,0,0,0,0,0,0,0,0,0,0,167041
exxact_dwf_dslash_4,1,0,0,0,Clang,Exxact,2,10,2,2400,640,640,20480,28160,NVIDIA GeForce RTX 2080,32,7000,448,7982,2100,2944,7.5,32,32,1024,16,65536,65536,255,1024,64,1,0,0,0,1,0,0,0,0,1,0,0,0,0,0,0,0,0,0,0,0,0,0,0,0,0,0,0.000000,0,0,0,0,0,0,0,0,0,0,0,0,0,0,0,48080
exxact_wilson_dslash_collapse1_static,1,0,0,0,Clang,Exxact,2,10,2,2400,640,640,20480,28160,NVIDIA GeForce RTX 2080,32,7000,448,7982,2100,2944,7.5,32,32,1024,16,65536,65536,255,1024,64,1,0,0,0,1,0,0,0,1,4294967292,2147483647,0,0,0,2147483646,0,0,0,0,0,2147483646,0,0,0,0,0,0.000000,9.632960,9.331930,0,0,0,9.331930,0,0,0,0,0,9.331930,0,0,0,0,79944
exxact_wilson_dslash_collapse2_static,1,0,0,0,Clang,Exxact,2,10,2,2400,640,640,20480,28160,NVIDIA GeForce RTX 2080,32,7000,448,7982,2100,2944,7.5,32,32,1024,16,65536,65536,255,1024,64,0,1,0,0,1,0,0,0,0,0,0,0,0,0,0,0,0,0,0,0,0,0,0,0,0,0,0,0,0,0,0,0,0,0,0,0,0,0,0,0,0,0,0,31185
exxact_wilson_dslash_collapse1_dynamic,1,0,0,0,Clang,Exxact,2,10,2,2400,640,640,20480,28160,NVIDIA GeForce RTX 2080,32,7000,448,7982,2100,2944,7.5,32,32,1024,16,65536,65536,255,1024,64,1,0,0,0,0,1,0,0,1,4294967292,2147483647,0,0,0,2147483646,0,0,0,0,0,2147483646,0,0,0,0,0,0.000000,9.632960,9.331930,0,0,0,9.331930,0,0,0,0,0,9.331930,0,0,0,0,954657
exxact_wilson_dslash_collapse2_dynamic,1,0,0,0,Clang,Exxact,2,10,2,2400,640,640,20480,28160,NVIDIA GeForce RTX 2080,32,7000,448,7982,2100,2944,7.5,32,32,1024,16,65536,65536,255,1024,64,0,1,0,0,0,1,0,0,0,0,0,0,0,0,0,0,0,0,0,0,0,0,0,0,0,0,0,0,0,0,0,0,0,0,0,0,0,0,0,0,0,0,0,182351
exxact_wilson_dslash_collapse1_guided,1,0,0,0,Clang,Exxact,2,10,2,2400,640,640,20480,28160,NVIDIA GeForce RTX 2080,32,7000,448,7982,2100,2944,7.5,32,32,1024,16,65536,65536,255,1024,64,1,0,0,0,0,0,1,0,1,4294967292,2147483647,0,0,0,2147483646,0,0,0,0,0,2147483646,0,0,0,0,0,0.000000,9.632960,9.331930,0,0,0,9.331930,0,0,0,0,0,9.331930,0,0,0,0,940803
exxact_wilson_dslash_collapse2_guided,1,0,0,0,Clang,Exxact,2,10,2,2400,640,640,20480,28160,NVIDIA GeForce RTX 2080,32,7000,448,7982,2100,2944,7.5,32,32,1024,16,65536,65536,255,1024,64,0,1,0,0,0,0,1,0,0,0,0,0,0,0,0,0,0,0,0,0,0,0,0,0,0,0,0,0,0,0,0,0,0,0,0,0,0,0,0,0,0,0,0,182364
exxact_dwf_dslash_4,1,0,0,0,Clang,Exxact,2,10,2,2400,640,640,20480,28160,NVIDIA GeForce RTX 2080,32,7000,448,7982,2100,2944,7.5,32,32,1024,16,65536,65536,255,1024,64,1,0,0,0,1,0,0,0,0,1,0,0,0,0,0,0,0,0,0,0,0,0,0,0,0,0,0,0.000000,0,0,0,0,0,0,0,0,0,0,0,0,0,0,0,79944
exxact_wilson_dslash_collapse1_static,1,0,0,0,Clang,Exxact,2,10,2,2400,640,640,20480,28160,NVIDIA GeForce RTX 2080,32,7000,448,7982,2100,2944,7.5,32,32,1024,16,65536,65536,255,1024,64,1,0,0,0,1,0,0,0,1,4294967292,2147483647,0,0,0,2147483646,0,0,0,0,0,2147483646,0,0,0,0,0,0.000000,9.632960,9.331930,0,0,0,9.331930,0,0,0,0,0,9.331930,0,0,0,0,133727
exxact_wilson_dslash_collapse2_static,1,0,0,0,Clang,Exxact,2,10,2,2400,640,640,20480,28160,NVIDIA GeForce RTX 2080,32,7000,448,7982,2100,2944,7.5,32,32,1024,16,65536,65536,255,1024,64,0,1,0,0,1,0,0,0,0,0,0,0,0,0,0,0,0,0,0,0,0,0,0,0,0,0,0,0,0,0,0,0,0,0,0,0,0,0,0,0,0,0,0,53495
exxact_wilson_dslash_collapse1_dynamic,1,0,0,0,Clang,Exxact,2,10,2,2400,640,640,20480,28160,NVIDIA GeForce RTX 2080,32,7000,448,7982,2100,2944,7.5,32,32,1024,16,65536,65536,255,1024,64,1,0,0,0,0,1,0,0,1,4294967292,2147483647,0,0,0,2147483646,0,0,0,0,0,2147483646,0,0,0,0,0,0.000000,9.632960,9.331930,0,0,0,9.331930,0,0,0,0,0,9.331930,0,0,0,0,1885575
exxact_wilson_dslash_collapse2_dynamic,1,0,0,0,Clang,Exxact,2,10,2,2400,640,640,20480,28160,NVIDIA GeForce RTX 2080,32,7000,448,7982,2100,2944,7.5,32,32,1024,16,65536,65536,255,1024,64,0,1,0,0,0,1,0,0,0,0,0,0,0,0,0,0,0,0,0,0,0,0,0,0,0,0,0,0,0,0,0,0,0,0,0,0,0,0,0,0,0,0,0,263620
exxact_wilson_dslash_collapse1_guided,1,0,0,0,Clang,Exxact,2,10,2,2400,640,640,20480,28160,NVIDIA GeForce RTX 2080,32,7000,448,7982,2100,2944,7.5,32,32,1024,16,65536,65536,255,1024,64,1,0,0,0,0,0,1,0,1,4294967292,2147483647,0,0,0,2147483646,0,0,0,0,0,2147483646,0,0,0,0,0,0.000000,9.632960,9.331930,0,0,0,9.331930,0,0,0,0,0,9.331930,0,0,0,0,1879866
exxact_wilson_dslash_collapse2_guided,1,0,0,0,Clang,Exxact,2,10,2,2400,640,640,20480,28160,NVIDIA GeForce RTX 2080,32,7000,448,7982,2100,2944,7.5,32,32,1024,16,65536,65536,255,1024,64,0,1,0,0,0,0,1,0,0,0,0,0,0,0,0,0,0,0,0,0,0,0,0,0,0,0,0,0,0,0,0,0,0,0,0,0,0,0,0,0,0,0,0,205823
exxact_dwf_dslash_4,1,0,0,0,Clang,Exxact,2,10,2,2400,640,640,20480,28160,NVIDIA GeForce RTX 2080,32,7000,448,7982,2100,2944,7.5,32,32,1024,16,65536,65536,255,1024,64,1,0,0,0,1,0,0,0,0,1,0,0,0,0,0,0,0,0,0,0,0,0,0,0,0,0,0,0.000000,0,0,0,0,0,0,0,0,0,0,0,0,0,0,0,133727
exxact_wilson_dslash_collapse1_static,1,0,0,0,Clang,Exxact,2,10,2,2400,640,640,20480,28160,NVIDIA GeForce RTX 2080,32,7000,448,7982,2100,2944,7.5,32,32,1024,16,65536,65536,255,1024,64,1,0,0,0,1,0,0,0,1,4294967292,2147483647,0,0,0,2147483646,0,0,0,0,0,2147483646,0,0,0,0,0,0.000000,9.632960,9.331930,0,0,0,9.331930,0,0,0,0,0,9.331930,0,0,0,0,140690
exxact_wilson_dslash_collapse2_static,1,0,0,0,Clang,Exxact,2,10,2,2400,640,640,20480,28160,NVIDIA GeForce RTX 2080,32,7000,448,7982,2100,2944,7.5,32,32,1024,16,65536,65536,255,1024,64,0,1,0,0,1,0,0,0,0,0,0,0,0,0,0,0,0,0,0,0,0,0,0,0,0,0,0,0,0,0,0,0,0,0,0,0,0,0,0,0,0,0,0,47193
exxact_wilson_dslash_collapse1_dynamic,1,0,0,0,Clang,Exxact,2,10,2,2400,640,640,20480,28160,NVIDIA GeForce RTX 2080,32,7000,448,7982,2100,2944,7.5,32,32,1024,16,65536,65536,255,1024,64,1,0,0,0,0,1,0,0,1,4294967292,2147483647,0,0,0,2147483646,0,0,0,0,0,2147483646,0,0,0,0,0,0.000000,9.632960,9.331930,0,0,0,9.331930,0,0,0,0,0,9.331930,0,0,0,0,983043
exxact_wilson_dslash_collapse2_dynamic,1,0,0,0,Clang,Exxact,2,10,2,2400,640,640,20480,28160,NVIDIA GeForce RTX 2080,32,7000,448,7982,2100,2944,7.5,32,32,1024,16,65536,65536,255,1024,64,0,1,0,0,0,1,0,0,0,0,0,0,0,0,0,0,0,0,0,0,0,0,0,0,0,0,0,0,0,0,0,0,0,0,0,0,0,0,0,0,0,0,0,182418
exxact_wilson_dslash_collapse1_guided,1,0,0,0,Clang,Exxact,2,10,2,2400,640,640,20480,28160,NVIDIA GeForce RTX 2080,32,7000,448,7982,2100,2944,7.5,32,32,1024,16,65536,65536,255,1024,64,1,0,0,0,0,0,1,0,1,4294967292,2147483647,0,0,0,2147483646,0,0,0,0,0,2147483646,0,0,0,0,0,0.000000,9.632960,9.331930,0,0,0,9.331930,0,0,0,0,0,9.331930,0,0,0,0,956178
exxact_wilson_dslash_collapse2_guided,1,0,0,0,Clang,Exxact,2,10,2,2400,640,640,20480,28160,NVIDIA GeForce RTX 2080,32,7000,448,7982,2100,2944,7.5,32,32,1024,16,65536,65536,255,1024,64,0,1,0,0,0,0,1,0,0,0,0,0,0,0,0,0,0,0,0,0,0,0,0,0,0,0,0,0,0,0,0,0,0,0,0,0,0,0,0,0,0,0,0,211546
exxact_dwf_dslash_4,1,0,0,0,Clang,Exxact,2,10,2,2400,640,640,20480,28160,NVIDIA GeForce RTX 2080,32,7000,448,7982,2100,2944,7.5,32,32,1024,16,65536,65536,255,1024,64,1,0,0,0,1,0,0,0,0,1,0,0,0,0,0,0,0,0,0,0,0,0,0,0,0,0,0,0.000000,0,0,0,0,0,0,0,0,0,0,0,0,0,0,0,140690
exxact_wilson_dslash_collapse1_static,1,0,0,0,Clang,Exxact,2,10,2,2400,640,640,20480,28160,NVIDIA GeForce RTX 2080,32,7000,448,7982,2100,2944,7.5,32,32,1024,16,65536,65536,255,1024,64,1,0,0,0,1,0,0,0,1,4294967292,2147483647,0,0,0,2147483646,0,0,0,0,0,2147483646,0,0,0,0,0,0.000000,9.632960,9.331930,0,0,0,9.331930,0,0,0,0,0,9.331930,0,0,0,0,224898
exxact_wilson_dslash_collapse2_static,1,0,0,0,Clang,Exxact,2,10,2,2400,640,640,20480,28160,NVIDIA GeForce RTX 2080,32,7000,448,7982,2100,2944,7.5,32,32,1024,16,65536,65536,255,1024,64,0,1,0,0,1,0,0,0,0,0,0,0,0,0,0,0,0,0,0,0,0,0,0,0,0,0,0,0,0,0,0,0,0,0,0,0,0,0,0,0,0,0,0,74827
exxact_wilson_dslash_collapse1_dynamic,1,0,0,0,Clang,Exxact,2,10,2,2400,640,640,20480,28160,NVIDIA GeForce RTX 2080,32,7000,448,7982,2100,2944,7.5,32,32,1024,16,65536,65536,255,1024,64,1,0,0,0,0,1,0,0,1,4294967292,2147483647,0,0,0,2147483646,0,0,0,0,0,2147483646,0,0,0,0,0,0.000000,9.632960,9.331930,0,0,0,9.331930,0,0,0,0,0,9.331930,0,0,0,0,2865353
exxact_wilson_dslash_collapse2_dynamic,1,0,0,0,Clang,Exxact,2,10,2,2400,640,640,20480,28160,NVIDIA GeForce RTX 2080,32,7000,448,7982,2100,2944,7.5,32,32,1024,16,65536,65536,255,1024,64,0,1,0,0,0,1,0,0,0,0,0,0,0,0,0,0,0,0,0,0,0,0,0,0,0,0,0,0,0,0,0,0,0,0,0,0,0,0,0,0,0,0,0,311328
exxact_wilson_dslash_collapse1_guided,1,0,0,0,Clang,Exxact,2,10,2,2400,640,640,20480,28160,NVIDIA GeForce RTX 2080,32,7000,448,7982,2100,2944,7.5,32,32,1024,16,65536,65536,255,1024,64,1,0,0,0,0,0,1,0,1,4294967292,2147483647,0,0,0,2147483646,0,0,0,0,0,2147483646,0,0,0,0,0,0.000000,9.632960,9.331930,0,0,0,9.331930,0,0,0,0,0,9.331930,0,0,0,0,2857055
exxact_wilson_dslash_collapse2_guided,1,0,0,0,Clang,Exxact,2,10,2,2400,640,640,20480,28160,NVIDIA GeForce RTX 2080,32,7000,448,7982,2100,2944,7.5,32,32,1024,16,65536,65536,255,1024,64,0,1,0,0,0,0,1,0,0,0,0,0,0,0,0,0,0,0,0,0,0,0,0,0,0,0,0,0,0,0,0,0,0,0,0,0,0,0,0,0,0,0,0,226692
exxact_dwf_dslash_4,1,0,0,0,Clang,Exxact,2,10,2,2400,640,640,20480,28160,NVIDIA GeForce RTX 2080,32,7000,448,7982,2100,2944,7.5,32,32,1024,16,65536,65536,255,1024,64,1,0,0,0,1,0,0,0,0,1,0,0,0,0,0,0,0,0,0,0,0,0,0,0,0,0,0,0.000000,0,0,0,0,0,0,0,0,0,0,0,0,0,0,0,224898
exxact_wilson_dslash_collapse1_static,1,0,0,0,Clang,Exxact,2,10,2,2400,640,640,20480,28160,NVIDIA GeForce RTX 2080,32,7000,448,7982,2100,2944,7.5,32,32,1024,16,65536,65536,255,1024,64,1,0,0,0,1,0,0,0,1,4294967292,2147483647,0,0,0,2147483646,0,0,0,0,0,2147483646,0,0,0,0,0,0.000000,9.632960,9.331930,0,0,0,9.331930,0,0,0,0,0,9.331930,0,0,0,0,354951
exxact_wilson_dslash_collapse2_static,1,0,0,0,Clang,Exxact,2,10,2,2400,640,640,20480,28160,NVIDIA GeForce RTX 2080,32,7000,448,7982,2100,2944,7.5,32,32,1024,16,65536,65536,255,1024,64,0,1,0,0,1,0,0,0,0,0,0,0,0,0,0,0,0,0,0,0,0,0,0,0,0,0,0,0,0,0,0,0,0,0,0,0,0,0,0,0,0,0,0,142291
exxact_wilson_dslash_collapse1_dynamic,1,0,0,0,Clang,Exxact,2,10,2,2400,640,640,20480,28160,NVIDIA GeForce RTX 2080,32,7000,448,7982,2100,2944,7.5,32,32,1024,16,65536,65536,255,1024,64,1,0,0,0,0,1,0,0,1,4294967292,2147483647,0,0,0,2147483646,0,0,0,0,0,2147483646,0,0,0,0,0,0.000000,9.632960,9.331930,0,0,0,9.331930,0,0,0,0,0,9.331930,0,0,0,0,5725942
exxact_wilson_dslash_collapse2_dynamic,1,0,0,0,Clang,Exxact,2,10,2,2400,640,640,20480,28160,NVIDIA GeForce RTX 2080,32,7000,448,7982,2100,2944,7.5,32,32,1024,16,65536,65536,255,1024,64,0,1,0,0,0,1,0,0,0,0,0,0,0,0,0,0,0,0,0,0,0,0,0,0,0,0,0,0,0,0,0,0,0,0,0,0,0,0,0,0,0,0,0,457313
exxact_wilson_dslash_collapse1_guided,1,0,0,0,Clang,Exxact,2,10,2,2400,640,640,20480,28160,NVIDIA GeForce RTX 2080,32,7000,448,7982,2100,2944,7.5,32,32,1024,16,65536,65536,255,1024,64,1,0,0,0,0,0,1,0,1,4294967292,2147483647,0,0,0,2147483646,0,0,0,0,0,2147483646,0,0,0,0,0,0.000000,9.632960,9.331930,0,0,0,9.331930,0,0,0,0,0,9.331930,0,0,0,0,5710266
exxact_wilson_dslash_collapse2_guided,1,0,0,0,Clang,Exxact,2,10,2,2400,640,640,20480,28160,NVIDIA GeForce RTX 2080,32,7000,448,7982,2100,2944,7.5,32,32,1024,16,65536,65536,255,1024,64,0,1,0,0,0,0,1,0,0,0,0,0,0,0,0,0,0,0,0,0,0,0,0,0,0,0,0,0,0,0,0,0,0,0,0,0,0,0,0,0,0,0,0,304003
exxact_dwf_dslash_4,1,0,0,0,Clang,Exxact,2,10,2,2400,640,640,20480,28160,NVIDIA GeForce RTX 2080,32,7000,448,7982,2100,2944,7.5,32,32,1024,16,65536,65536,255,1024,64,1,0,0,0,1,0,0,0,0,1,0,0,0,0,0,0,0,0,0,0,0,0,0,0,0,0,0,0.000000,0,0,0,0,0,0,0,0,0,0,0,0,0,0,0,354951
exxact_wilson_dslash_collapse1_static,1,0,0,0,Clang,Exxact,2,10,2,2400,640,640,20480,28160,NVIDIA GeForce RTX 2080,32,7000,448,7982,2100,2944,7.5,32,32,1024,16,65536,65536,255,1024,64,1,0,0,0,1,0,0,0,1,4294967292,2147483647,0,0,0,2147483646,0,0,0,0,0,2147483646,0,0,0,0,0,0.000000,9.632960,9.331930,0,0,0,9.331930,0,0,0,0,0,9.331930,0,0,0,0,258401
exxact_wilson_dslash_collapse2_static,1,0,0,0,Clang,Exxact,2,10,2,2400,640,640,20480,28160,NVIDIA GeForce RTX 2080,32,7000,448,7982,2100,2944,7.5,32,32,1024,16,65536,65536,255,1024,64,0,1,0,0,1,0,0,0,0,0,0,0,0,0,0,0,0,0,0,0,0,0,0,0,0,0,0,0,0,0,0,0,0,0,0,0,0,0,0,0,0,0,0,40129
exxact_wilson_dslash_collapse1_dynamic,1,0,0,0,Clang,Exxact,2,10,2,2400,640,640,20480,28160,NVIDIA GeForce RTX 2080,32,7000,448,7982,2100,2944,7.5,32,32,1024,16,65536,65536,255,1024,64,1,0,0,0,0,1,0,0,1,4294967292,2147483647,0,0,0,2147483646,0,0,0,0,0,2147483646,0,0,0,0,0,0.000000,9.632960,9.331930,0,0,0,9.331930,0,0,0,0,0,9.331930,0,0,0,0,1914279
exxact_wilson_dslash_collapse2_dynamic,1,0,0,0,Clang,Exxact,2,10,2,2400,640,640,20480,28160,NVIDIA GeForce RTX 2080,32,7000,448,7982,2100,2944,7.5,32,32,1024,16,65536,65536,255,1024,64,0,1,0,0,0,1,0,0,0,0,0,0,0,0,0,0,0,0,0,0,0,0,0,0,0,0,0,0,0,0,0,0,0,0,0,0,0,0,0,0,0,0,0,495450
exxact_wilson_dslash_collapse1_guided,1,0,0,0,Clang,Exxact,2,10,2,2400,640,640,20480,28160,NVIDIA GeForce RTX 2080,32,7000,448,7982,2100,2944,7.5,32,32,1024,16,65536,65536,255,1024,64,1,0,0,0,0,0,1,0,1,4294967292,2147483647,0,0,0,2147483646,0,0,0,0,0,2147483646,0,0,0,0,0,0.000000,9.632960,9.331930,0,0,0,9.331930,0,0,0,0,0,9.331930,0,0,0,0,1889510
exxact_wilson_dslash_collapse2_guided,1,0,0,0,Clang,Exxact,2,10,2,2400,640,640,20480,28160,NVIDIA GeForce RTX 2080,32,7000,448,7982,2100,2944,7.5,32,32,1024,16,65536,65536,255,1024,64,0,1,0,0,0,0,1,0,0,0,0,0,0,0,0,0,0,0,0,0,0,0,0,0,0,0,0,0,0,0,0,0,0,0,0,0,0,0,0,0,0,0,0,188858
exxact_dwf_dslash_4,1,0,0,0,Clang,Exxact,2,10,2,2400,640,640,20480,28160,NVIDIA GeForce RTX 2080,32,7000,448,7982,2100,2944,7.5,32,32,1024,16,65536,65536,255,1024,64,1,0,0,0,1,0,0,0,0,1,0,0,0,0,0,0,0,0,0,0,0,0,0,0,0,0,0,0.000000,0,0,0,0,0,0,0,0,0,0,0,0,0,0,0,258401
exxact_wilson_dslash_collapse1_static,1,0,0,0,Clang,Exxact,2,10,2,2400,640,640,20480,28160,NVIDIA GeForce RTX 2080,32,7000,448,7982,2100,2944,7.5,32,32,1024,16,65536,65536,255,1024,64,1,0,0,0,1,0,0,0,1,4294967292,2147483647,0,0,0,2147483646,0,0,0,0,0,2147483646,0,0,0,0,0,0.000000,9.632960,9.331930,0,0,0,9.331930,0,0,0,0,0,9.331930,0,0,0,0,420401
exxact_wilson_dslash_collapse2_static,1,0,0,0,Clang,Exxact,2,10,2,2400,640,640,20480,28160,NVIDIA GeForce RTX 2080,32,7000,448,7982,2100,2944,7.5,32,32,1024,16,65536,65536,255,1024,64,0,1,0,0,1,0,0,0,0,0,0,0,0,0,0,0,0,0,0,0,0,0,0,0,0,0,0,0,0,0,0,0,0,0,0,0,0,0,0,0,0,0,0,141943
exxact_wilson_dslash_collapse1_dynamic,1,0,0,0,Clang,Exxact,2,10,2,2400,640,640,20480,28160,NVIDIA GeForce RTX 2080,32,7000,448,7982,2100,2944,7.5,32,32,1024,16,65536,65536,255,1024,64,1,0,0,0,0,1,0,0,1,4294967292,2147483647,0,0,0,2147483646,0,0,0,0,0,2147483646,0,0,0,0,0,0.000000,9.632960,9.331930,0,0,0,9.331930,0,0,0,0,0,9.331930,0,0,0,0,5729886
exxact_wilson_dslash_collapse2_dynamic,1,0,0,0,Clang,Exxact,2,10,2,2400,640,640,20480,28160,NVIDIA GeForce RTX 2080,32,7000,448,7982,2100,2944,7.5,32,32,1024,16,65536,65536,255,1024,64,0,1,0,0,0,1,0,0,0,0,0,0,0,0,0,0,0,0,0,0,0,0,0,0,0,0,0,0,0,0,0,0,0,0,0,0,0,0,0,0,0,0,0,464240
exxact_wilson_dslash_collapse1_guided,1,0,0,0,Clang,Exxact,2,10,2,2400,640,640,20480,28160,NVIDIA GeForce RTX 2080,32,7000,448,7982,2100,2944,7.5,32,32,1024,16,65536,65536,255,1024,64,1,0,0,0,0,0,1,0,1,4294967292,2147483647,0,0,0,2147483646,0,0,0,0,0,2147483646,0,0,0,0,0,0.000000,9.632960,9.331930,0,0,0,9.331930,0,0,0,0,0,9.331930,0,0,0,0,5751681
exxact_wilson_dslash_collapse2_guided,1,0,0,0,Clang,Exxact,2,10,2,2400,640,640,20480,28160,NVIDIA GeForce RTX 2080,32,7000,448,7982,2100,2944,7.5,32,32,1024,16,65536,65536,255,1024,64,0,1,0,0,0,0,1,0,0,0,0,0,0,0,0,0,0,0,0,0,0,0,0,0,0,0,0,0,0,0,0,0,0,0,0,0,0,0,0,0,0,0,0,304922
exxact_dwf_dslash_4,1,0,0,0,Clang,Exxact,2,10,2,2400,640,640,20480,28160,NVIDIA GeForce RTX 2080,32,7000,448,7982,2100,2944,7.5,32,32,1024,16,65536,65536,255,1024,64,1,0,0,0,1,0,0,0,0,1,0,0,0,0,0,0,0,0,0,0,0,0,0,0,0,0,0,0.000000,0,0,0,0,0,0,0,0,0,0,0,0,0,0,0,420401
exxact_wilson_dslash_collapse1_static,1,0,0,0,Clang,Exxact,2,10,2,2400,640,640,20480,28160,NVIDIA GeForce RTX 2080,32,7000,448,7982,2100,2944,7.5,32,32,1024,16,65536,65536,255,1024,64,1,0,0,0,1,0,0,0,1,4294967292,2147483647,0,0,0,2147483646,0,0,0,0,0,2147483646,0,0,0,0,0,0.000000,9.632960,9.331930,0,0,0,9.331930,0,0,0,0,0,9.331930,0,0,0,0,710919
exxact_wilson_dslash_collapse2_static,1,0,0,0,Clang,Exxact,2,10,2,2400,640,640,20480,28160,NVIDIA GeForce RTX 2080,32,7000,448,7982,2100,2944,7.5,32,32,1024,16,65536,65536,255,1024,64,0,1,0,0,1,0,0,0,0,0,0,0,0,0,0,0,0,0,0,0,0,0,0,0,0,0,0,0,0,0,0,0,0,0,0,0,0,0,0,0,0,0,0,597315
exxact_wilson_dslash_collapse1_dynamic,1,0,0,0,Clang,Exxact,2,10,2,2400,640,640,20480,28160,NVIDIA GeForce RTX 2080,32,7000,448,7982,2100,2944,7.5,32,32,1024,16,65536,65536,255,1024,64,1,0,0,0,0,1,0,0,1,4294967292,2147483647,0,0,0,2147483646,0,0,0,0,0,2147483646,0,0,0,0,0,0.000000,9.632960,9.331930,0,0,0,9.331930,0,0,0,0,0,9.331930,0,0,0,0,11449280
exxact_wilson_dslash_collapse2_dynamic,1,0,0,0,Clang,Exxact,2,10,2,2400,640,640,20480,28160,NVIDIA GeForce RTX 2080,32,7000,448,7982,2100,2944,7.5,32,32,1024,16,65536,65536,255,1024,64,0,1,0,0,0,1,0,0,0,0,0,0,0,0,0,0,0,0,0,0,0,0,0,0,0,0,0,0,0,0,0,0,0,0,0,0,0,0,0,0,0,0,0,835711
exxact_wilson_dslash_collapse1_guided,1,0,0,0,Clang,Exxact,2,10,2,2400,640,640,20480,28160,NVIDIA GeForce RTX 2080,32,7000,448,7982,2100,2944,7.5,32,32,1024,16,65536,65536,255,1024,64,1,0,0,0,0,0,1,0,1,4294967292,2147483647,0,0,0,2147483646,0,0,0,0,0,2147483646,0,0,0,0,0,0.000000,9.632960,9.331930,0,0,0,9.331930,0,0,0,0,0,9.331930,0,0,0,0,11621452
exxact_wilson_dslash_collapse2_guided,1,0,0,0,Clang,Exxact,2,10,2,2400,640,640,20480,28160,NVIDIA GeForce RTX 2080,32,7000,448,7982,2100,2944,7.5,32,32,1024,16,65536,65536,255,1024,64,0,1,0,0,0,0,1,0,0,0,0,0,0,0,0,0,0,0,0,0,0,0,0,0,0,0,0,0,0,0,0,0,0,0,0,0,0,0,0,0,0,0,0,695715
exxact_dwf_dslash_4,1,0,0,0,Clang,Exxact,2,10,2,2400,640,640,20480,28160,NVIDIA GeForce RTX 2080,32,7000,448,7982,2100,2944,7.5,32,32,1024,16,65536,65536,255,1024,64,1,0,0,0,1,0,0,0,0,1,0,0,0,0,0,0,0,0,0,0,0,0,0,0,0,0,0,0.000000,0,0,0,0,0,0,0,0,0,0,0,0,0,0,0,710919
exxact_wilson_dslash_collapse1_static,1,0,0,0,Clang,Exxact,2,10,2,2400,640,640,20480,28160,NVIDIA GeForce RTX 2080,32,7000,448,7982,2100,2944,7.5,32,32,1024,16,65536,65536,255,1024,64,1,0,0,0,1,0,0,0,1,4294967292,2147483647,0,0,0,2147483646,0,0,0,0,0,2147483646,0,0,0,0,0,0.000000,9.632960,9.331930,0,0,0,9.331930,0,0,0,0,0,9.331930,0,0,0,0,135978
exxact_wilson_dslash_collapse2_static,1,0,0,0,Clang,Exxact,2,10,2,2400,640,640,20480,28160,NVIDIA GeForce RTX 2080,32,7000,448,7982,2100,2944,7.5,32,32,1024,16,65536,65536,255,1024,64,0,1,0,0,1,0,0,0,0,0,0,0,0,0,0,0,0,0,0,0,0,0,0,0,0,0,0,0,0,0,0,0,0,0,0,0,0,0,0,0,0,0,0,36501
exxact_wilson_dslash_collapse1_dynamic,1,0,0,0,Clang,Exxact,2,10,2,2400,640,640,20480,28160,NVIDIA GeForce RTX 2080,32,7000,448,7982,2100,2944,7.5,32,32,1024,16,65536,65536,255,1024,64,1,0,0,0,0,1,0,0,1,4294967292,2147483647,0,0,0,2147483646,0,0,0,0,0,2147483646,0,0,0,0,0,0.000000,9.632960,9.331930,0,0,0,9.331930,0,0,0,0,0,9.331930,0,0,0,0,955486
exxact_wilson_dslash_collapse2_dynamic,1,0,0,0,Clang,Exxact,2,10,2,2400,640,640,20480,28160,NVIDIA GeForce RTX 2080,32,7000,448,7982,2100,2944,7.5,32,32,1024,16,65536,65536,255,1024,64,0,1,0,0,0,1,0,0,0,0,0,0,0,0,0,0,0,0,0,0,0,0,0,0,0,0,0,0,0,0,0,0,0,0,0,0,0,0,0,0,0,0,0,496925
exxact_wilson_dslash_collapse1_guided,1,0,0,0,Clang,Exxact,2,10,2,2400,640,640,20480,28160,NVIDIA GeForce RTX 2080,32,7000,448,7982,2100,2944,7.5,32,32,1024,16,65536,65536,255,1024,64,1,0,0,0,0,0,1,0,1,4294967292,2147483647,0,0,0,2147483646,0,0,0,0,0,2147483646,0,0,0,0,0,0.000000,9.632960,9.331930,0,0,0,9.331930,0,0,0,0,0,9.331930,0,0,0,0,966162
exxact_wilson_dslash_collapse2_guided,1,0,0,0,Clang,Exxact,2,10,2,2400,640,640,20480,28160,NVIDIA GeForce RTX 2080,32,7000,448,7982,2100,2944,7.5,32,32,1024,16,65536,65536,255,1024,64,0,1,0,0,0,0,1,0,0,0,0,0,0,0,0,0,0,0,0,0,0,0,0,0,0,0,0,0,0,0,0,0,0,0,0,0,0,0,0,0,0,0,0,718023
exxact_dwf_dslash_4,1,0,0,0,Clang,Exxact,2,10,2,2400,640,640,20480,28160,NVIDIA GeForce RTX 2080,32,7000,448,7982,2100,2944,7.5,32,32,1024,16,65536,65536,255,1024,64,1,0,0,0,1,0,0,0,0,1,0,0,0,0,0,0,0,0,0,0,0,0,0,0,0,0,0,0.000000,0,0,0,0,0,0,0,0,0,0,0,0,0,0,0,135978
exxact_wilson_dslash_collapse1_static,1,0,0,0,Clang,Exxact,2,10,2,2400,640,640,20480,28160,NVIDIA GeForce RTX 2080,32,7000,448,7982,2100,2944,7.5,32,32,1024,16,65536,65536,255,1024,64,1,0,0,0,1,0,0,0,1,4294967292,2147483647,0,0,0,2147483646,0,0,0,0,0,2147483646,0,0,0,0,0,0.000000,9.632960,9.331930,0,0,0,9.331930,0,0,0,0,0,9.331930,0,0,0,0,213575
exxact_wilson_dslash_collapse2_static,1,0,0,0,Clang,Exxact,2,10,2,2400,640,640,20480,28160,NVIDIA GeForce RTX 2080,32,7000,448,7982,2100,2944,7.5,32,32,1024,16,65536,65536,255,1024,64,0,1,0,0,1,0,0,0,0,0,0,0,0,0,0,0,0,0,0,0,0,0,0,0,0,0,0,0,0,0,0,0,0,0,0,0,0,0,0,0,0,0,0,63701
exxact_wilson_dslash_collapse1_dynamic,1,0,0,0,Clang,Exxact,2,10,2,2400,640,640,20480,28160,NVIDIA GeForce RTX 2080,32,7000,448,7982,2100,2944,7.5,32,32,1024,16,65536,65536,255,1024,64,1,0,0,0,0,1,0,0,1,4294967292,2147483647,0,0,0,2147483646,0,0,0,0,0,2147483646,0,0,0,0,0,0.000000,9.632960,9.331930,0,0,0,9.331930,0,0,0,0,0,9.331930,0,0,0,0,2858622
exxact_wilson_dslash_collapse2_dynamic,1,0,0,0,Clang,Exxact,2,10,2,2400,640,640,20480,28160,NVIDIA GeForce RTX 2080,32,7000,448,7982,2100,2944,7.5,32,32,1024,16,65536,65536,255,1024,64,0,1,0,0,0,1,0,0,0,0,0,0,0,0,0,0,0,0,0,0,0,0,0,0,0,0,0,0,0,0,0,0,0,0,0,0,0,0,0,0,0,0,0,626683
exxact_wilson_dslash_collapse1_guided,1,0,0,0,Clang,Exxact,2,10,2,2400,640,640,20480,28160,NVIDIA GeForce RTX 2080,32,7000,448,7982,2100,2944,7.5,32,32,1024,16,65536,65536,255,1024,64,1,0,0,0,0,0,1,0,1,4294967292,2147483647,0,0,0,2147483646,0,0,0,0,0,2147483646,0,0,0,0,0,0.000000,9.632960,9.331930,0,0,0,9.331930,0,0,0,0,0,9.331930,0,0,0,0,2852560
exxact_wilson_dslash_collapse2_guided,1,0,0,0,Clang,Exxact,2,10,2,2400,640,640,20480,28160,NVIDIA GeForce RTX 2080,32,7000,448,7982,2100,2944,7.5,32,32,1024,16,65536,65536,255,1024,64,0,1,0,0,0,0,1,0,0,0,0,0,0,0,0,0,0,0,0,0,0,0,0,0,0,0,0,0,0,0,0,0,0,0,0,0,0,0,0,0,0,0,0,600543
exxact_dwf_dslash_4,1,0,0,0,Clang,Exxact,2,10,2,2400,640,640,20480,28160,NVIDIA GeForce RTX 2080,32,7000,448,7982,2100,2944,7.5,32,32,1024,16,65536,65536,255,1024,64,1,0,0,0,1,0,0,0,0,1,0,0,0,0,0,0,0,0,0,0,0,0,0,0,0,0,0,0.000000,0,0,0,0,0,0,0,0,0,0,0,0,0,0,0,213575
exxact_wilson_dslash_collapse1_static,1,0,0,0,Clang,Exxact,2,10,2,2400,640,640,20480,28160,NVIDIA GeForce RTX 2080,32,7000,448,7982,2100,2944,7.5,32,32,1024,16,65536,65536,255,1024,64,1,0,0,0,1,0,0,0,1,4294967292,2147483647,0,0,0,2147483646,0,0,0,0,0,2147483646,0,0,0,0,0,0.000000,9.632960,9.331930,0,0,0,9.331930,0,0,0,0,0,9.331930,0,0,0,0,376145
exxact_wilson_dslash_collapse2_static,1,0,0,0,Clang,Exxact,2,10,2,2400,640,640,20480,28160,NVIDIA GeForce RTX 2080,32,7000,448,7982,2100,2944,7.5,32,32,1024,16,65536,65536,255,1024,64,0,1,0,0,1,0,0,0,0,0,0,0,0,0,0,0,0,0,0,0,0,0,0,0,0,0,0,0,0,0,0,0,0,0,0,0,0,0,0,0,0,0,0,152127
exxact_wilson_dslash_collapse1_dynamic,1,0,0,0,Clang,Exxact,2,10,2,2400,640,640,20480,28160,NVIDIA GeForce RTX 2080,32,7000,448,7982,2100,2944,7.5,32,32,1024,16,65536,65536,255,1024,64,1,0,0,0,0,1,0,0,1,4294967292,2147483647,0,0,0,2147483646,0,0,0,0,0,2147483646,0,0,0,0,0,0.000000,9.632960,9.331930,0,0,0,9.331930,0,0,0,0,0,9.331930,0,0,0,0,5786628
exxact_wilson_dslash_collapse2_dynamic,1,0,0,0,Clang,Exxact,2,10,2,2400,640,640,20480,28160,NVIDIA GeForce RTX 2080,32,7000,448,7982,2100,2944,7.5,32,32,1024,16,65536,65536,255,1024,64,0,1,0,0,0,1,0,0,0,0,0,0,0,0,0,0,0,0,0,0,0,0,0,0,0,0,0,0,0,0,0,0,0,0,0,0,0,0,0,0,0,0,0,768882
exxact_wilson_dslash_collapse1_guided,1,0,0,0,Clang,Exxact,2,10,2,2400,640,640,20480,28160,NVIDIA GeForce RTX 2080,32,7000,448,7982,2100,2944,7.5,32,32,1024,16,65536,65536,255,1024,64,1,0,0,0,0,0,1,0,1,4294967292,2147483647,0,0,0,2147483646,0,0,0,0,0,2147483646,0,0,0,0,0,0.000000,9.632960,9.331930,0,0,0,9.331930,0,0,0,0,0,9.331930,0,0,0,0,5766780
exxact_wilson_dslash_collapse2_guided,1,0,0,0,Clang,Exxact,2,10,2,2400,640,640,20480,28160,NVIDIA GeForce RTX 2080,32,7000,448,7982,2100,2944,7.5,32,32,1024,16,65536,65536,255,1024,64,0,1,0,0,0,0,1,0,0,0,0,0,0,0,0,0,0,0,0,0,0,0,0,0,0,0,0,0,0,0,0,0,0,0,0,0,0,0,0,0,0,0,0,767077
exxact_dwf_dslash_4,1,0,0,0,Clang,Exxact,2,10,2,2400,640,640,20480,28160,NVIDIA GeForce RTX 2080,32,7000,448,7982,2100,2944,7.5,32,32,1024,16,65536,65536,255,1024,64,1,0,0,0,1,0,0,0,0,1,0,0,0,0,0,0,0,0,0,0,0,0,0,0,0,0,0,0.000000,0,0,0,0,0,0,0,0,0,0,0,0,0,0,0,376145
exxact_wilson_dslash_collapse1_static,1,0,0,0,Clang,Exxact,2,10,2,2400,640,640,20480,28160,NVIDIA GeForce RTX 2080,32,7000,448,7982,2100,2944,7.5,32,32,1024,16,65536,65536,255,1024,64,1,0,0,0,1,0,0,0,1,4294967292,2147483647,0,0,0,2147483646,0,0,0,0,0,2147483646,0,0,0,0,0,0.000000,9.632960,9.331930,0,0,0,9.331930,0,0,0,0,0,9.331930,0,0,0,0,374384
exxact_wilson_dslash_collapse2_static,1,0,0,0,Clang,Exxact,2,10,2,2400,640,640,20480,28160,NVIDIA GeForce RTX 2080,32,7000,448,7982,2100,2944,7.5,32,32,1024,16,65536,65536,255,1024,64,0,1,0,0,1,0,0,0,0,0,0,0,0,0,0,0,0,0,0,0,0,0,0,0,0,0,0,0,0,0,0,0,0,0,0,0,0,0,0,0,0,0,0,84983
exxact_wilson_dslash_collapse1_dynamic,1,0,0,0,Clang,Exxact,2,10,2,2400,640,640,20480,28160,NVIDIA GeForce RTX 2080,32,7000,448,7982,2100,2944,7.5,32,32,1024,16,65536,65536,255,1024,64,1,0,0,0,0,1,0,0,1,4294967292,2147483647,0,0,0,2147483646,0,0,0,0,0,2147483646,0,0,0,0,0,0.000000,9.632960,9.331930,0,0,0,9.331930,0,0,0,0,0,9.331930,0,0,0,0,2884579
exxact_wilson_dslash_collapse2_dynamic,1,0,0,0,Clang,Exxact,2,10,2,2400,640,640,20480,28160,NVIDIA GeForce RTX 2080,32,7000,448,7982,2100,2944,7.5,32,32,1024,16,65536,65536,255,1024,64,0,1,0,0,0,1,0,0,0,0,0,0,0,0,0,0,0,0,0,0,0,0,0,0,0,0,0,0,0,0,0,0,0,0,0,0,0,0,0,0,0,0,0,628518
exxact_wilson_dslash_collapse1_guided,1,0,0,0,Clang,Exxact,2,10,2,2400,640,640,20480,28160,NVIDIA GeForce RTX 2080,32,7000,448,7982,2100,2944,7.5,32,32,1024,16,65536,65536,255,1024,64,1,0,0,0,0,0,1,0,1,4294967292,2147483647,0,0,0,2147483646,0,0,0,0,0,2147483646,0,0,0,0,0,0.000000,9.632960,9.331930,0,0,0,9.331930,0,0,0,0,0,9.331930,0,0,0,0,2887116
exxact_wilson_dslash_collapse2_guided,1,0,0,0,Clang,Exxact,2,10,2,2400,640,640,20480,28160,NVIDIA GeForce RTX 2080,32,7000,448,7982,2100,2944,7.5,32,32,1024,16,65536,65536,255,1024,64,0,1,0,0,0,0,1,0,0,0,0,0,0,0,0,0,0,0,0,0,0,0,0,0,0,0,0,0,0,0,0,0,0,0,0,0,0,0,0,0,0,0,0,544542
exxact_dwf_dslash_4,1,0,0,0,Clang,Exxact,2,10,2,2400,640,640,20480,28160,NVIDIA GeForce RTX 2080,32,7000,448,7982,2100,2944,7.5,32,32,1024,16,65536,65536,255,1024,64,1,0,0,0,1,0,0,0,0,1,0,0,0,0,0,0,0,0,0,0,0,0,0,0,0,0,0,0.000000,0,0,0,0,0,0,0,0,0,0,0,0,0,0,0,374384
exxact_wilson_dslash_collapse1_static,1,0,0,0,Clang,Exxact,2,10,2,2400,640,640,20480,28160,NVIDIA GeForce RTX 2080,32,7000,448,7982,2100,2944,7.5,32,32,1024,16,65536,65536,255,1024,64,1,0,0,0,1,0,0,0,1,4294967292,2147483647,0,0,0,2147483646,0,0,0,0,0,2147483646,0,0,0,0,0,0.000000,9.632960,9.331930,0,0,0,9.331930,0,0,0,0,0,9.331930,0,0,0,0,624883
exxact_wilson_dslash_collapse2_static,1,0,0,0,Clang,Exxact,2,10,2,2400,640,640,20480,28160,NVIDIA GeForce RTX 2080,32,7000,448,7982,2100,2944,7.5,32,32,1024,16,65536,65536,255,1024,64,0,1,0,0,1,0,0,0,0,0,0,0,0,0,0,0,0,0,0,0,0,0,0,0,0,0,0,0,0,0,0,0,0,0,0,0,0,0,0,0,0,0,0,449157
exxact_wilson_dslash_collapse1_dynamic,1,0,0,0,Clang,Exxact,2,10,2,2400,640,640,20480,28160,NVIDIA GeForce RTX 2080,32,7000,448,7982,2100,2944,7.5,32,32,1024,16,65536,65536,255,1024,64,1,0,0,0,0,1,0,0,1,4294967292,2147483647,0,0,0,2147483646,0,0,0,0,0,2147483646,0,0,0,0,0,0.000000,9.632960,9.331930,0,0,0,9.331930,0,0,0,0,0,9.331930,0,0,0,0,8645396
exxact_wilson_dslash_collapse2_dynamic,1,0,0,0,Clang,Exxact,2,10,2,2400,640,640,20480,28160,NVIDIA GeForce RTX 2080,32,7000,448,7982,2100,2944,7.5,32,32,1024,16,65536,65536,255,1024,64,0,1,0,0,0,1,0,0,0,0,0,0,0,0,0,0,0,0,0,0,0,0,0,0,0,0,0,0,0,0,0,0,0,0,0,0,0,0,0,0,0,0,0,883740
exxact_wilson_dslash_collapse1_guided,1,0,0,0,Clang,Exxact,2,10,2,2400,640,640,20480,28160,NVIDIA GeForce RTX 2080,32,7000,448,7982,2100,2944,7.5,32,32,1024,16,65536,65536,255,1024,64,1,0,0,0,0,0,1,0,1,4294967292,2147483647,0,0,0,2147483646,0,0,0,0,0,2147483646,0,0,0,0,0,0.000000,9.632960,9.331930,0,0,0,9.331930,0,0,0,0,0,9.331930,0,0,0,0,8707023
exxact_wilson_dslash_collapse2_guided,1,0,0,0,Clang,Exxact,2,10,2,2400,640,640,20480,28160,NVIDIA GeForce RTX 2080,32,7000,448,7982,2100,2944,7.5,32,32,1024,16,65536,65536,255,1024,64,0,1,0,0,0,0,1,0,0,0,0,0,0,0,0,0,0,0,0,0,0,0,0,0,0,0,0,0,0,0,0,0,0,0,0,0,0,0,0,0,0,0,0,886963
exxact_dwf_dslash_4,1,0,0,0,Clang,Exxact,2,10,2,2400,640,640,20480,28160,NVIDIA GeForce RTX 2080,32,7000,448,7982,2100,2944,7.5,32,32,1024,16,65536,65536,255,1024,64,1,0,0,0,1,0,0,0,0,1,0,0,0,0,0,0,0,0,0,0,0,0,0,0,0,0,0,0.000000,0,0,0,0,0,0,0,0,0,0,0,0,0,0,0,624883
exxact_wilson_dslash_collapse1_static,1,0,0,0,Clang,Exxact,2,10,2,2400,640,640,20480,28160,NVIDIA GeForce RTX 2080,32,7000,448,7982,2100,2944,7.5,32,32,1024,16,65536,65536,255,1024,64,1,0,0,0,1,0,0,0,1,4294967292,2147483647,0,0,0,2147483646,0,0,0,0,0,2147483646,0,0,0,0,0,0.000000,9.632960,9.331930,0,0,0,9.331930,0,0,0,0,0,9.331930,0,0,0,0,1028753
exxact_wilson_dslash_collapse2_static,1,0,0,0,Clang,Exxact,2,10,2,2400,640,640,20480,28160,NVIDIA GeForce RTX 2080,32,7000,448,7982,2100,2944,7.5,32,32,1024,16,65536,65536,255,1024,64,0,1,0,0,1,0,0,0,0,0,0,0,0,0,0,0,0,0,0,0,0,0,0,0,0,0,0,0,0,0,0,0,0,0,0,0,0,0,0,0,0,0,0,787240
exxact_wilson_dslash_collapse1_dynamic,1,0,0,0,Clang,Exxact,2,10,2,2400,640,640,20480,28160,NVIDIA GeForce RTX 2080,32,7000,448,7982,2100,2944,7.5,32,32,1024,16,65536,65536,255,1024,64,1,0,0,0,0,1,0,0,1,4294967292,2147483647,0,0,0,2147483646,0,0,0,0,0,2147483646,0,0,0,0,0,0.000000,9.632960,9.331930,0,0,0,9.331930,0,0,0,0,0,9.331930,0,0,0,0,17280889
exxact_wilson_dslash_collapse2_dynamic,1,0,0,0,Clang,Exxact,2,10,2,2400,640,640,20480,28160,NVIDIA GeForce RTX 2080,32,7000,448,7982,2100,2944,7.5,32,32,1024,16,65536,65536,255,1024,64,0,1,0,0,0,1,0,0,0,0,0,0,0,0,0,0,0,0,0,0,0,0,0,0,0,0,0,0,0,0,0,0,0,0,0,0,0,0,0,0,0,0,0,1298816
exxact_wilson_dslash_collapse1_guided,1,0,0,0,Clang,Exxact,2,10,2,2400,640,640,20480,28160,NVIDIA GeForce RTX 2080,32,7000,448,7982,2100,2944,7.5,32,32,1024,16,65536,65536,255,1024,64,1,0,0,0,0,0,1,0,1,4294967292,2147483647,0,0,0,2147483646,0,0,0,0,0,2147483646,0,0,0,0,0,0.000000,9.632960,9.331930,0,0,0,9.331930,0,0,0,0,0,9.331930,0,0,0,0,17593562
exxact_wilson_dslash_collapse2_guided,1,0,0,0,Clang,Exxact,2,10,2,2400,640,640,20480,28160,NVIDIA GeForce RTX 2080,32,7000,448,7982,2100,2944,7.5,32,32,1024,16,65536,65536,255,1024,64,0,1,0,0,0,0,1,0,0,0,0,0,0,0,0,0,0,0,0,0,0,0,0,0,0,0,0,0,0,0,0,0,0,0,0,0,0,0,0,0,0,0,0,1238421
exxact_dwf_dslash_4,1,0,0,0,Clang,Exxact,2,10,2,2400,640,640,20480,28160,NVIDIA GeForce RTX 2080,32,7000,448,7982,2100,2944,7.5,32,32,1024,16,65536,65536,255,1024,64,1,0,0,0,1,0,0,0,0,1,0,0,0,0,0,0,0,0,0,0,0,0,0,0,0,0,0,0.000000,0,0,0,0,0,0,0,0,0,0,0,0,0,0,0,1028753
exxact_wilson_dslash_collapse1_static,1,0,0,0,Clang,Exxact,2,10,2,2400,640,640,20480,28160,NVIDIA GeForce RTX 2080,32,7000,448,7982,2100,2944,7.5,32,32,1024,16,65536,65536,255,1024,64,1,0,0,0,1,0,0,0,1,4294967292,2147483647,0,0,0,2147483646,0,0,0,0,0,2147483646,0,0,0,0,0,0.000000,9.632960,9.331930,0,0,0,9.331930,0,0,0,0,0,9.331930,0,0,0,0,756683
exxact_wilson_dslash_collapse2_static,1,0,0,0,Clang,Exxact,2,10,2,2400,640,640,20480,28160,NVIDIA GeForce RTX 2080,32,7000,448,7982,2100,2944,7.5,32,32,1024,16,65536,65536,255,1024,64,0,1,0,0,1,0,0,0,0,0,0,0,0,0,0,0,0,0,0,0,0,0,0,0,0,0,0,0,0,0,0,0,0,0,0,0,0,0,0,0,0,0,0,156176
exxact_wilson_dslash_collapse1_dynamic,1,0,0,0,Clang,Exxact,2,10,2,2400,640,640,20480,28160,NVIDIA GeForce RTX 2080,32,7000,448,7982,2100,2944,7.5,32,32,1024,16,65536,65536,255,1024,64,1,0,0,0,0,1,0,0,1,4294967292,2147483647,0,0,0,2147483646,0,0,0,0,0,2147483646,0,0,0,0,0,0.000000,9.632960,9.331930,0,0,0,9.331930,0,0,0,0,0,9.331930,0,0,0,0,5879325
exxact_wilson_dslash_collapse2_dynamic,1,0,0,0,Clang,Exxact,2,10,2,2400,640,640,20480,28160,NVIDIA GeForce RTX 2080,32,7000,448,7982,2100,2944,7.5,32,32,1024,16,65536,65536,255,1024,64,0,1,0,0,0,1,0,0,0,0,0,0,0,0,0,0,0,0,0,0,0,0,0,0,0,0,0,0,0,0,0,0,0,0,0,0,0,0,0,0,0,0,0,781785
exxact_wilson_dslash_collapse1_guided,1,0,0,0,Clang,Exxact,2,10,2,2400,640,640,20480,28160,NVIDIA GeForce RTX 2080,32,7000,448,7982,2100,2944,7.5,32,32,1024,16,65536,65536,255,1024,64,1,0,0,0,0,0,1,0,1,4294967292,2147483647,0,0,0,2147483646,0,0,0,0,0,2147483646,0,0,0,0,0,0.000000,9.632960,9.331930,0,0,0,9.331930,0,0,0,0,0,9.331930,0,0,0,0,5802072
exxact_wilson_dslash_collapse2_guided,1,0,0,0,Clang,Exxact,2,10,2,2400,640,640,20480,28160,NVIDIA GeForce RTX 2080,32,7000,448,7982,2100,2944,7.5,32,32,1024,16,65536,65536,255,1024,64,0,1,0,0,0,0,1,0,0,0,0,0,0,0,0,0,0,0,0,0,0,0,0,0,0,0,0,0,0,0,0,0,0,0,0,0,0,0,0,0,0,0,0,793866
exxact_dwf_dslash_4,1,0,0,0,Clang,Exxact,2,10,2,2400,640,640,20480,28160,NVIDIA GeForce RTX 2080,32,7000,448,7982,2100,2944,7.5,32,32,1024,16,65536,65536,255,1024,64,1,0,0,0,1,0,0,0,0,1,0,0,0,0,0,0,0,0,0,0,0,0,0,0,0,0,0,0.000000,0,0,0,0,0,0,0,0,0,0,0,0,0,0,0,756683
exxact_wilson_dslash_collapse1_static,1,0,0,0,Clang,Exxact,2,10,2,2400,640,640,20480,28160,NVIDIA GeForce RTX 2080,32,7000,448,7982,2100,2944,7.5,32,32,1024,16,65536,65536,255,1024,64,1,0,0,0,1,0,0,0,1,4294967292,2147483647,0,0,0,2147483646,0,0,0,0,0,2147483646,0,0,0,0,0,0.000000,9.632960,9.331930,0,0,0,9.331930,0,0,0,0,0,9.331930,0,0,0,0,1247525
exxact_wilson_dslash_collapse2_static,1,0,0,0,Clang,Exxact,2,10,2,2400,640,640,20480,28160,NVIDIA GeForce RTX 2080,32,7000,448,7982,2100,2944,7.5,32,32,1024,16,65536,65536,255,1024,64,0,1,0,0,1,0,0,0,0,0,0,0,0,0,0,0,0,0,0,0,0,0,0,0,0,0,0,0,0,0,0,0,0,0,0,0,0,0,0,0,0,0,0,792442
exxact_wilson_dslash_collapse1_dynamic,1,0,0,0,Clang,Exxact,2,10,2,2400,640,640,20480,28160,NVIDIA GeForce RTX 2080,32,7000,448,7982,2100,2944,7.5,32,32,1024,16,65536,65536,255,1024,64,1,0,0,0,0,1,0,0,1,4294967292,2147483647,0,0,0,2147483646,0,0,0,0,0,2147483646,0,0,0,0,0,0.000000,9.632960,9.331930,0,0,0,9.331930,0,0,0,0,0,9.331930,0,0,0,0,17424930
exxact_wilson_dslash_collapse2_dynamic,1,0,0,0,Clang,Exxact,2,10,2,2400,640,640,20480,28160,NVIDIA GeForce RTX 2080,32,7000,448,7982,2100,2944,7.5,32,32,1024,16,65536,65536,255,1024,64,0,1,0,0,0,1,0,0,0,0,0,0,0,0,0,0,0,0,0,0,0,0,0,0,0,0,0,0,0,0,0,0,0,0,0,0,0,0,0,0,0,0,0,1312229
exxact_wilson_dslash_collapse1_guided,1,0,0,0,Clang,Exxact,2,10,2,2400,640,640,20480,28160,NVIDIA GeForce RTX 2080,32,7000,448,7982,2100,2944,7.5,32,32,1024,16,65536,65536,255,1024,64,1,0,0,0,0,0,1,0,1,4294967292,2147483647,0,0,0,2147483646,0,0,0,0,0,2147483646,0,0,0,0,0,0.000000,9.632960,9.331930,0,0,0,9.331930,0,0,0,0,0,9.331930,0,0,0,0,17424638
exxact_wilson_dslash_collapse2_guided,1,0,0,0,Clang,Exxact,2,10,2,2400,640,640,20480,28160,NVIDIA GeForce RTX 2080,32,7000,448,7982,2100,2944,7.5,32,32,1024,16,65536,65536,255,1024,64,0,1,0,0,0,0,1,0,0,0,0,0,0,0,0,0,0,0,0,0,0,0,0,0,0,0,0,0,0,0,0,0,0,0,0,0,0,0,0,0,0,0,0,1235778
exxact_dwf_dslash_4,1,0,0,0,Clang,Exxact,2,10,2,2400,640,640,20480,28160,NVIDIA GeForce RTX 2080,32,7000,448,7982,2100,2944,7.5,32,32,1024,16,65536,65536,255,1024,64,1,0,0,0,1,0,0,0,0,1,0,0,0,0,0,0,0,0,0,0,0,0,0,0,0,0,0,0.000000,0,0,0,0,0,0,0,0,0,0,0,0,0,0,0,1247525
exxact_wilson_dslash_collapse1_static,1,0,0,0,Clang,Exxact,2,10,2,2400,640,640,20480,28160,NVIDIA GeForce RTX 2080,32,7000,448,7982,2100,2944,7.5,32,32,1024,16,65536,65536,255,1024,64,1,0,0,0,1,0,0,0,1,4294967292,2147483647,0,0,0,2147483646,0,0,0,0,0,2147483646,0,0,0,0,0,0.000000,9.632960,9.331930,0,0,0,9.331930,0,0,0,0,0,9.331930,0,0,0,0,2020167
exxact_wilson_dslash_collapse2_static,1,0,0,0,Clang,Exxact,2,10,2,2400,640,640,20480,28160,NVIDIA GeForce RTX 2080,32,7000,448,7982,2100,2944,7.5,32,32,1024,16,65536,65536,255,1024,64,0,1,0,0,1,0,0,0,0,0,0,0,0,0,0,0,0,0,0,0,0,0,0,0,0,0,0,0,0,0,0,0,0,0,0,0,0,0,0,0,0,0,0,944515
exxact_wilson_dslash_collapse1_dynamic,1,0,0,0,Clang,Exxact,2,10,2,2400,640,640,20480,28160,NVIDIA GeForce RTX 2080,32,7000,448,7982,2100,2944,7.5,32,32,1024,16,65536,65536,255,1024,64,1,0,0,0,0,1,0,0,1,4294967292,2147483647,0,0,0,2147483646,0,0,0,0,0,2147483646,0,0,0,0,0,0.000000,9.632960,9.331930,0,0,0,9.331930,0,0,0,0,0,9.331930,0,0,0,0,34975876
exxact_wilson_dslash_collapse2_dynamic,1,0,0,0,Clang,Exxact,2,10,2,2400,640,640,20480,28160,NVIDIA GeForce RTX 2080,32,7000,448,7982,2100,2944,7.5,32,32,1024,16,65536,65536,255,1024,64,0,1,0,0,0,1,0,0,0,0,0,0,0,0,0,0,0,0,0,0,0,0,0,0,0,0,0,0,0,0,0,0,0,0,0,0,0,0,0,0,0,0,0,2388618
exxact_wilson_dslash_collapse1_guided,1,0,0,0,Clang,Exxact,2,10,2,2400,640,640,20480,28160,NVIDIA GeForce RTX 2080,32,7000,448,7982,2100,2944,7.5,32,32,1024,16,65536,65536,255,1024,64,1,0,0,0,0,0,1,0,1,4294967292,2147483647,0,0,0,2147483646,0,0,0,0,0,2147483646,0,0,0,0,0,0.000000,9.632960,9.331930,0,0,0,9.331930,0,0,0,0,0,9.331930,0,0,0,0,34730224
exxact_wilson_dslash_collapse2_guided,1,0,0,0,Clang,Exxact,2,10,2,2400,640,640,20480,28160,NVIDIA GeForce RTX 2080,32,7000,448,7982,2100,2944,7.5,32,32,1024,16,65536,65536,255,1024,64,0,1,0,0,0,0,1,0,0,0,0,0,0,0,0,0,0,0,0,0,0,0,0,0,0,0,0,0,0,0,0,0,0,0,0,0,0,0,0,0,0,0,0,2409781
exxact_dwf_dslash_4,1,0,0,0,Clang,Exxact,2,10,2,2400,640,640,20480,28160,NVIDIA GeForce RTX 2080,32,7000,448,7982,2100,2944,7.5,32,32,1024,16,65536,65536,255,1024,64,1,0,0,0,1,0,0,0,0,1,0,0,0,0,0,0,0,0,0,0,0,0,0,0,0,0,0,0.000000,0,0,0,0,0,0,0,0,0,0,0,0,0,0,0,2020167
exxact_wilson_dslash_collapse1_static,1,0,0,0,Clang,Exxact,2,10,2,2400,640,640,20480,28160,NVIDIA GeForce RTX 2080,32,7000,448,7982,2100,2944,7.5,32,32,1024,16,65536,65536,255,1024,64,1,0,0,0,1,0,0,0,1,4294967292,2147483647,0,0,0,2147483646,0,0,0,0,0,2147483646,0,0,0,0,0,0.000000,9.632960,9.331930,0,0,0,9.331930,0,0,0,0,0,9.331930,0,0,0,0,283710
exxact_wilson_dslash_collapse2_static,1,0,0,0,Clang,Exxact,2,10,2,2400,640,640,20480,28160,NVIDIA GeForce RTX 2080,32,7000,448,7982,2100,2944,7.5,32,32,1024,16,65536,65536,255,1024,64,0,1,0,0,1,0,0,0,0,0,0,0,0,0,0,0,0,0,0,0,0,0,0,0,0,0,0,0,0,0,0,0,0,0,0,0,0,0,0,0,0,0,0,81619
exxact_wilson_dslash_collapse1_dynamic,1,0,0,0,Clang,Exxact,2,10,2,2400,640,640,20480,28160,NVIDIA GeForce RTX 2080,32,7000,448,7982,2100,2944,7.5,32,32,1024,16,65536,65536,255,1024,64,1,0,0,0,0,1,0,0,1,4294967292,2147483647,0,0,0,2147483646,0,0,0,0,0,2147483646,0,0,0,0,0,0.000000,9.632960,9.331930,0,0,0,9.331930,0,0,0,0,0,9.331930,0,0,0,0,1938144
exxact_wilson_dslash_collapse2_dynamic,1,0,0,0,Clang,Exxact,2,10,2,2400,640,640,20480,28160,NVIDIA GeForce RTX 2080,32,7000,448,7982,2100,2944,7.5,32,32,1024,16,65536,65536,255,1024,64,0,1,0,0,0,1,0,0,0,0,0,0,0,0,0,0,0,0,0,0,0,0,0,0,0,0,0,0,0,0,0,0,0,0,0,0,0,0,0,0,0,0,0,1066880
exxact_wilson_dslash_collapse1_guided,1,0,0,0,Clang,Exxact,2,10,2,2400,640,640,20480,28160,NVIDIA GeForce RTX 2080,32,7000,448,7982,2100,2944,7.5,32,32,1024,16,65536,65536,255,1024,64,1,0,0,0,0,0,1,0,1,4294967292,2147483647,0,0,0,2147483646,0,0,0,0,0,2147483646,0,0,0,0,0,0.000000,9.632960,9.331930,0,0,0,9.331930,0,0,0,0,0,9.331930,0,0,0,0,1935393
exxact_wilson_dslash_collapse2_guided,1,0,0,0,Clang,Exxact,2,10,2,2400,640,640,20480,28160,NVIDIA GeForce RTX 2080,32,7000,448,7982,2100,2944,7.5,32,32,1024,16,65536,65536,255,1024,64,0,1,0,0,0,0,1,0,0,0,0,0,0,0,0,0,0,0,0,0,0,0,0,0,0,0,0,0,0,0,0,0,0,0,0,0,0,0,0,0,0,0,0,1069821
exxact_dwf_dslash_4,1,0,0,0,Clang,Exxact,2,10,2,2400,640,640,20480,28160,NVIDIA GeForce RTX 2080,32,7000,448,7982,2100,2944,7.5,32,32,1024,16,65536,65536,255,1024,64,1,0,0,0,1,0,0,0,0,1,0,0,0,0,0,0,0,0,0,0,0,0,0,0,0,0,0,0.000000,0,0,0,0,0,0,0,0,0,0,0,0,0,0,0,283710
exxact_wilson_dslash_collapse1_static,1,0,0,0,Clang,Exxact,2,10,2,2400,640,640,20480,28160,NVIDIA GeForce RTX 2080,32,7000,448,7982,2100,2944,7.5,32,32,1024,16,65536,65536,255,1024,64,1,0,0,0,1,0,0,0,1,4294967292,2147483647,0,0,0,2147483646,0,0,0,0,0,2147483646,0,0,0,0,0,0.000000,9.632960,9.331930,0,0,0,9.331930,0,0,0,0,0,9.331930,0,0,0,0,432429
exxact_wilson_dslash_collapse2_static,1,0,0,0,Clang,Exxact,2,10,2,2400,640,640,20480,28160,NVIDIA GeForce RTX 2080,32,7000,448,7982,2100,2944,7.5,32,32,1024,16,65536,65536,255,1024,64,0,1,0,0,1,0,0,0,0,0,0,0,0,0,0,0,0,0,0,0,0,0,0,0,0,0,0,0,0,0,0,0,0,0,0,0,0,0,0,0,0,0,0,169948
exxact_wilson_dslash_collapse1_dynamic,1,0,0,0,Clang,Exxact,2,10,2,2400,640,640,20480,28160,NVIDIA GeForce RTX 2080,32,7000,448,7982,2100,2944,7.5,32,32,1024,16,65536,65536,255,1024,64,1,0,0,0,0,1,0,0,1,4294967292,2147483647,0,0,0,2147483646,0,0,0,0,0,2147483646,0,0,0,0,0,0.000000,9.632960,9.331930,0,0,0,9.331930,0,0,0,0,0,9.331930,0,0,0,0,5814923
exxact_wilson_dslash_collapse2_dynamic,1,0,0,0,Clang,Exxact,2,10,2,2400,640,640,20480,28160,NVIDIA GeForce RTX 2080,32,7000,448,7982,2100,2944,7.5,32,32,1024,16,65536,65536,255,1024,64,0,1,0,0,0,1,0,0,0,0,0,0,0,0,0,0,0,0,0,0,0,0,0,0,0,0,0,0,0,0,0,0,0,0,0,0,0,0,0,0,0,0,0,1250158
exxact_wilson_dslash_collapse1_guided,1,0,0,0,Clang,Exxact,2,10,2,2400,640,640,20480,28160,NVIDIA GeForce RTX 2080,32,7000,448,7982,2100,2944,7.5,32,32,1024,16,65536,65536,255,1024,64,1,0,0,0,0,0,1,0,1,4294967292,2147483647,0,0,0,2147483646,0,0,0,0,0,2147483646,0,0,0,0,0,0.000000,9.632960,9.331930,0,0,0,9.331930,0,0,0,0,0,9.331930,0,0,0,0,5840521
exxact_wilson_dslash_collapse2_guided,1,0,0,0,Clang,Exxact,2,10,2,2400,640,640,20480,28160,NVIDIA GeForce RTX 2080,32,7000,448,7982,2100,2944,7.5,32,32,1024,16,65536,65536,255,1024,64,0,1,0,0,0,0,1,0,0,0,0,0,0,0,0,0,0,0,0,0,0,0,0,0,0,0,0,0,0,0,0,0,0,0,0,0,0,0,0,0,0,0,0,1255624
exxact_dwf_dslash_4,1,0,0,0,Clang,Exxact,2,10,2,2400,640,640,20480,28160,NVIDIA GeForce RTX 2080,32,7000,448,7982,2100,2944,7.5,32,32,1024,16,65536,65536,255,1024,64,1,0,0,0,1,0,0,0,0,1,0,0,0,0,0,0,0,0,0,0,0,0,0,0,0,0,0,0.000000,0,0,0,0,0,0,0,0,0,0,0,0,0,0,0,432429
exxact_wilson_dslash_collapse1_static,1,0,0,0,Clang,Exxact,2,10,2,2400,640,640,20480,28160,NVIDIA GeForce RTX 2080,32,7000,448,7982,2100,2944,7.5,32,32,1024,16,65536,65536,255,1024,64,1,0,0,0,1,0,0,0,1,4294967292,2147483647,0,0,0,2147483646,0,0,0,0,0,2147483646,0,0,0,0,0,0.000000,9.632960,9.331930,0,0,0,9.331930,0,0,0,0,0,9.331930,0,0,0,0,710262
exxact_wilson_dslash_collapse2_static,1,0,0,0,Clang,Exxact,2,10,2,2400,640,640,20480,28160,NVIDIA GeForce RTX 2080,32,7000,448,7982,2100,2944,7.5,32,32,1024,16,65536,65536,255,1024,64,0,1,0,0,1,0,0,0,0,0,0,0,0,0,0,0,0,0,0,0,0,0,0,0,0,0,0,0,0,0,0,0,0,0,0,0,0,0,0,0,0,0,0,615104
exxact_wilson_dslash_collapse1_dynamic,1,0,0,0,Clang,Exxact,2,10,2,2400,640,640,20480,28160,NVIDIA GeForce RTX 2080,32,7000,448,7982,2100,2944,7.5,32,32,1024,16,65536,65536,255,1024,64,1,0,0,0,0,1,0,0,1,4294967292,2147483647,0,0,0,2147483646,0,0,0,0,0,2147483646,0,0,0,0,0,0.000000,9.632960,9.331930,0,0,0,9.331930,0,0,0,0,0,9.331930,0,0,0,0,11609834
exxact_wilson_dslash_collapse2_dynamic,1,0,0,0,Clang,Exxact,2,10,2,2400,640,640,20480,28160,NVIDIA GeForce RTX 2080,32,7000,448,7982,2100,2944,7.5,32,32,1024,16,65536,65536,255,1024,64,0,1,0,0,0,1,0,0,0,0,0,0,0,0,0,0,0,0,0,0,0,0,0,0,0,0,0,0,0,0,0,0,0,0,0,0,0,0,0,0,0,0,0,1508212
exxact_wilson_dslash_collapse1_guided,1,0,0,0,Clang,Exxact,2,10,2,2400,640,640,20480,28160,NVIDIA GeForce RTX 2080,32,7000,448,7982,2100,2944,7.5,32,32,1024,16,65536,65536,255,1024,64,1,0,0,0,0,0,1,0,1,4294967292,2147483647,0,0,0,2147483646,0,0,0,0,0,2147483646,0,0,0,0,0,0.000000,9.632960,9.331930,0,0,0,9.331930,0,0,0,0,0,9.331930,0,0,0,0,11663840
exxact_wilson_dslash_collapse2_guided,1,0,0,0,Clang,Exxact,2,10,2,2400,640,640,20480,28160,NVIDIA GeForce RTX 2080,32,7000,448,7982,2100,2944,7.5,32,32,1024,16,65536,65536,255,1024,64,0,1,0,0,0,0,1,0,0,0,0,0,0,0,0,0,0,0,0,0,0,0,0,0,0,0,0,0,0,0,0,0,0,0,0,0,0,0,0,0,0,0,0,1524938
exxact_dwf_dslash_4,1,0,0,0,Clang,Exxact,2,10,2,2400,640,640,20480,28160,NVIDIA GeForce RTX 2080,32,7000,448,7982,2100,2944,7.5,32,32,1024,16,65536,65536,255,1024,64,1,0,0,0,1,0,0,0,0,1,0,0,0,0,0,0,0,0,0,0,0,0,0,0,0,0,0,0.000000,0,0,0,0,0,0,0,0,0,0,0,0,0,0,0,710262
exxact_wilson_dslash_collapse1_static,1,0,0,0,Clang,Exxact,2,10,2,2400,640,640,20480,28160,NVIDIA GeForce RTX 2080,32,7000,448,7982,2100,2944,7.5,32,32,1024,16,65536,65536,255,1024,64,1,0,0,0,1,0,0,0,1,4294967292,2147483647,0,0,0,2147483646,0,0,0,0,0,2147483646,0,0,0,0,0,0.000000,9.632960,9.331930,0,0,0,9.331930,0,0,0,0,0,9.331930,0,0,0,0,755181
exxact_wilson_dslash_collapse2_static,1,0,0,0,Clang,Exxact,2,10,2,2400,640,640,20480,28160,NVIDIA GeForce RTX 2080,32,7000,448,7982,2100,2944,7.5,32,32,1024,16,65536,65536,255,1024,64,0,1,0,0,1,0,0,0,0,0,0,0,0,0,0,0,0,0,0,0,0,0,0,0,0,0,0,0,0,0,0,0,0,0,0,0,0,0,0,0,0,0,0,170911
exxact_wilson_dslash_collapse1_dynamic,1,0,0,0,Clang,Exxact,2,10,2,2400,640,640,20480,28160,NVIDIA GeForce RTX 2080,32,7000,448,7982,2100,2944,7.5,32,32,1024,16,65536,65536,255,1024,64,1,0,0,0,0,1,0,0,1,4294967292,2147483647,0,0,0,2147483646,0,0,0,0,0,2147483646,0,0,0,0,0,0.000000,9.632960,9.331930,0,0,0,9.331930,0,0,0,0,0,9.331930,0,0,0,0,5895994
exxact_wilson_dslash_collapse2_dynamic,1,0,0,0,Clang,Exxact,2,10,2,2400,640,640,20480,28160,NVIDIA GeForce RTX 2080,32,7000,448,7982,2100,2944,7.5,32,32,1024,16,65536,65536,255,1024,64,0,1,0,0,0,1,0,0,0,0,0,0,0,0,0,0,0,0,0,0,0,0,0,0,0,0,0,0,0,0,0,0,0,0,0,0,0,0,0,0,0,0,0,1271833
exxact_wilson_dslash_collapse1_guided,1,0,0,0,Clang,Exxact,2,10,2,2400,640,640,20480,28160,NVIDIA GeForce RTX 2080,32,7000,448,7982,2100,2944,7.5,32,32,1024,16,65536,65536,255,1024,64,1,0,0,0,0,0,1,0,1,4294967292,2147483647,0,0,0,2147483646,0,0,0,0,0,2147483646,0,0,0,0,0,0.000000,9.632960,9.331930,0,0,0,9.331930,0,0,0,0,0,9.331930,0,0,0,0,5832587
exxact_wilson_dslash_collapse2_guided,1,0,0,0,Clang,Exxact,2,10,2,2400,640,640,20480,28160,NVIDIA GeForce RTX 2080,32,7000,448,7982,2100,2944,7.5,32,32,1024,16,65536,65536,255,1024,64,0,1,0,0,0,0,1,0,0,0,0,0,0,0,0,0,0,0,0,0,0,0,0,0,0,0,0,0,0,0,0,0,0,0,0,0,0,0,0,0,0,0,0,1195868
exxact_dwf_dslash_4,1,0,0,0,Clang,Exxact,2,10,2,2400,640,640,20480,28160,NVIDIA GeForce RTX 2080,32,7000,448,7982,2100,2944,7.5,32,32,1024,16,65536,65536,255,1024,64,1,0,0,0,1,0,0,0,0,1,0,0,0,0,0,0,0,0,0,0,0,0,0,0,0,0,0,0.000000,0,0,0,0,0,0,0,0,0,0,0,0,0,0,0,755181
exxact_wilson_dslash_collapse1_static,1,0,0,0,Clang,Exxact,2,10,2,2400,640,640,20480,28160,NVIDIA GeForce RTX 2080,32,7000,448,7982,2100,2944,7.5,32,32,1024,16,65536,65536,255,1024,64,1,0,0,0,1,0,0,0,1,4294967292,2147483647,0,0,0,2147483646,0,0,0,0,0,2147483646,0,0,0,0,0,0.000000,9.632960,9.331930,0,0,0,9.331930,0,0,0,0,0,9.331930,0,0,0,0,1215305
exxact_wilson_dslash_collapse2_static,1,0,0,0,Clang,Exxact,2,10,2,2400,640,640,20480,28160,NVIDIA GeForce RTX 2080,32,7000,448,7982,2100,2944,7.5,32,32,1024,16,65536,65536,255,1024,64,0,1,0,0,1,0,0,0,0,0,0,0,0,0,0,0,0,0,0,0,0,0,0,0,0,0,0,0,0,0,0,0,0,0,0,0,0,0,0,0,0,0,0,815455
exxact_wilson_dslash_collapse1_dynamic,1,0,0,0,Clang,Exxact,2,10,2,2400,640,640,20480,28160,NVIDIA GeForce RTX 2080,32,7000,448,7982,2100,2944,7.5,32,32,1024,16,65536,65536,255,1024,64,1,0,0,0,0,1,0,0,1,4294967292,2147483647,0,0,0,2147483646,0,0,0,0,0,2147483646,0,0,0,0,0,0.000000,9.632960,9.331930,0,0,0,9.331930,0,0,0,0,0,9.331930,0,0,0,0,17420896
exxact_wilson_dslash_collapse2_dynamic,1,0,0,0,Clang,Exxact,2,10,2,2400,640,640,20480,28160,NVIDIA GeForce RTX 2080,32,7000,448,7982,2100,2944,7.5,32,32,1024,16,65536,65536,255,1024,64,0,1,0,0,0,1,0,0,0,0,0,0,0,0,0,0,0,0,0,0,0,0,0,0,0,0,0,0,0,0,0,0,0,0,0,0,0,0,0,0,0,0,0,1760607
exxact_wilson_dslash_collapse1_guided,1,0,0,0,Clang,Exxact,2,10,2,2400,640,640,20480,28160,NVIDIA GeForce RTX 2080,32,7000,448,7982,2100,2944,7.5,32,32,1024,16,65536,65536,255,1024,64,1,0,0,0,0,0,1,0,1,4294967292,2147483647,0,0,0,2147483646,0,0,0,0,0,2147483646,0,0,0,0,0,0.000000,9.632960,9.331930,0,0,0,9.331930,0,0,0,0,0,9.331930,0,0,0,0,17518054
exxact_wilson_dslash_collapse2_guided,1,0,0,0,Clang,Exxact,2,10,2,2400,640,640,20480,28160,NVIDIA GeForce RTX 2080,32,7000,448,7982,2100,2944,7.5,32,32,1024,16,65536,65536,255,1024,64,0,1,0,0,0,0,1,0,0,0,0,0,0,0,0,0,0,0,0,0,0,0,0,0,0,0,0,0,0,0,0,0,0,0,0,0,0,0,0,0,0,0,0,1856942
exxact_dwf_dslash_4,1,0,0,0,Clang,Exxact,2,10,2,2400,640,640,20480,28160,NVIDIA GeForce RTX 2080,32,7000,448,7982,2100,2944,7.5,32,32,1024,16,65536,65536,255,1024,64,1,0,0,0,1,0,0,0,0,1,0,0,0,0,0,0,0,0,0,0,0,0,0,0,0,0,0,0.000000,0,0,0,0,0,0,0,0,0,0,0,0,0,0,0,1215305
exxact_wilson_dslash_collapse1_static,1,0,0,0,Clang,Exxact,2,10,2,2400,640,640,20480,28160,NVIDIA GeForce RTX 2080,32,7000,448,7982,2100,2944,7.5,32,32,1024,16,65536,65536,255,1024,64,1,0,0,0,1,0,0,0,1,4294967292,2147483647,0,0,0,2147483646,0,0,0,0,0,2147483646,0,0,0,0,0,0.000000,9.632960,9.331930,0,0,0,9.331930,0,0,0,0,0,9.331930,0,0,0,0,1996915
exxact_wilson_dslash_collapse2_static,1,0,0,0,Clang,Exxact,2,10,2,2400,640,640,20480,28160,NVIDIA GeForce RTX 2080,32,7000,448,7982,2100,2944,7.5,32,32,1024,16,65536,65536,255,1024,64,0,1,0,0,1,0,0,0,0,0,0,0,0,0,0,0,0,0,0,0,0,0,0,0,0,0,0,0,0,0,0,0,0,0,0,0,0,0,0,0,0,0,0,932218
exxact_wilson_dslash_collapse1_dynamic,1,0,0,0,Clang,Exxact,2,10,2,2400,640,640,20480,28160,NVIDIA GeForce RTX 2080,32,7000,448,7982,2100,2944,7.5,32,32,1024,16,65536,65536,255,1024,64,1,0,0,0,0,1,0,0,1,4294967292,2147483647,0,0,0,2147483646,0,0,0,0,0,2147483646,0,0,0,0,0,0.000000,9.632960,9.331930,0,0,0,9.331930,0,0,0,0,0,9.331930,0,0,0,0,34963971
exxact_wilson_dslash_collapse2_dynamic,1,0,0,0,Clang,Exxact,2,10,2,2400,640,640,20480,28160,NVIDIA GeForce RTX 2080,32,7000,448,7982,2100,2944,7.5,32,32,1024,16,65536,65536,255,1024,64,0,1,0,0,0,1,0,0,0,0,0,0,0,0,0,0,0,0,0,0,0,0,0,0,0,0,0,0,0,0,0,0,0,0,0,0,0,0,0,0,0,0,0,2557366
exxact_wilson_dslash_collapse1_guided,1,0,0,0,Clang,Exxact,2,10,2,2400,640,640,20480,28160,NVIDIA GeForce RTX 2080,32,7000,448,7982,2100,2944,7.5,32,32,1024,16,65536,65536,255,1024,64,1,0,0,0,0,0,1,0,1,4294967292,2147483647,0,0,0,2147483646,0,0,0,0,0,2147483646,0,0,0,0,0,0.000000,9.632960,9.331930,0,0,0,9.331930,0,0,0,0,0,9.331930,0,0,0,0,34916306
exxact_wilson_dslash_collapse2_guided,1,0,0,0,Clang,Exxact,2,10,2,2400,640,640,20480,28160,NVIDIA GeForce RTX 2080,32,7000,448,7982,2100,2944,7.5,32,32,1024,16,65536,65536,255,1024,64,0,1,0,0,0,0,1,0,0,0,0,0,0,0,0,0,0,0,0,0,0,0,0,0,0,0,0,0,0,0,0,0,0,0,0,0,0,0,0,0,0,0,0,2602894
exxact_dwf_dslash_4,1,0,0,0,Clang,Exxact,2,10,2,2400,640,640,20480,28160,NVIDIA GeForce RTX 2080,32,7000,448,7982,2100,2944,7.5,32,32,1024,16,65536,65536,255,1024,64,1,0,0,0,1,0,0,0,0,1,0,0,0,0,0,0,0,0,0,0,0,0,0,0,0,0,0,0.000000,0,0,0,0,0,0,0,0,0,0,0,0,0,0,0,1996915
exxact_wilson_dslash_collapse1_static,1,0,0,0,Clang,Exxact,2,10,2,2400,640,640,20480,28160,NVIDIA GeForce RTX 2080,32,7000,448,7982,2100,2944,7.5,32,32,1024,16,65536,65536,255,1024,64,1,0,0,0,1,0,0,0,1,4294967292,2147483647,0,0,0,2147483646,0,0,0,0,0,2147483646,0,0,0,0,0,0.000000,9.632960,9.331930,0,0,0,9.331930,0,0,0,0,0,9.331930,0,0,0,0,1531082
exxact_wilson_dslash_collapse2_static,1,0,0,0,Clang,Exxact,2,10,2,2400,640,640,20480,28160,NVIDIA GeForce RTX 2080,32,7000,448,7982,2100,2944,7.5,32,32,1024,16,65536,65536,255,1024,64,0,1,0,0,1,0,0,0,0,0,0,0,0,0,0,0,0,0,0,0,0,0,0,0,0,0,0,0,0,0,0,0,0,0,0,0,0,0,0,0,0,0,0,523706
exxact_wilson_dslash_collapse1_dynamic,1,0,0,0,Clang,Exxact,2,10,2,2400,640,640,20480,28160,NVIDIA GeForce RTX 2080,32,7000,448,7982,2100,2944,7.5,32,32,1024,16,65536,65536,255,1024,64,1,0,0,0,0,1,0,0,1,4294967292,2147483647,0,0,0,2147483646,0,0,0,0,0,2147483646,0,0,0,0,0,0.000000,9.632960,9.331930,0,0,0,9.331930,0,0,0,0,0,9.331930,0,0,0,0,11694076
exxact_wilson_dslash_collapse2_dynamic,1,0,0,0,Clang,Exxact,2,10,2,2400,640,640,20480,28160,NVIDIA GeForce RTX 2080,32,7000,448,7982,2100,2944,7.5,32,32,1024,16,65536,65536,255,1024,64,0,1,0,0,0,1,0,0,0,0,0,0,0,0,0,0,0,0,0,0,0,0,0,0,0,0,0,0,0,0,0,0,0,0,0,0,0,0,0,0,0,0,0,1552925
exxact_wilson_dslash_collapse1_guided,1,0,0,0,Clang,Exxact,2,10,2,2400,640,640,20480,28160,NVIDIA GeForce RTX 2080,32,7000,448,7982,2100,2944,7.5,32,32,1024,16,65536,65536,255,1024,64,1,0,0,0,0,0,1,0,1,4294967292,2147483647,0,0,0,2147483646,0,0,0,0,0,2147483646,0,0,0,0,0,0.000000,9.632960,9.331930,0,0,0,9.331930,0,0,0,0,0,9.331930,0,0,0,0,11661953
exxact_wilson_dslash_collapse2_guided,1,0,0,0,Clang,Exxact,2,10,2,2400,640,640,20480,28160,NVIDIA GeForce RTX 2080,32,7000,448,7982,2100,2944,7.5,32,32,1024,16,65536,65536,255,1024,64,0,1,0,0,0,0,1,0,0,0,0,0,0,0,0,0,0,0,0,0,0,0,0,0,0,0,0,0,0,0,0,0,0,0,0,0,0,0,0,0,0,0,0,1611408
exxact_dwf_dslash_4,1,0,0,0,Clang,Exxact,2,10,2,2400,640,640,20480,28160,NVIDIA GeForce RTX 2080,32,7000,448,7982,2100,2944,7.5,32,32,1024,16,65536,65536,255,1024,64,1,0,0,0,1,0,0,0,0,1,0,0,0,0,0,0,0,0,0,0,0,0,0,0,0,0,0,0.000000,0,0,0,0,0,0,0,0,0,0,0,0,0,0,0,1531082
exxact_wilson_dslash_collapse1_static,1,0,0,0,Clang,Exxact,2,10,2,2400,640,640,20480,28160,NVIDIA GeForce RTX 2080,32,7000,448,7982,2100,2944,7.5,32,32,1024,16,65536,65536,255,1024,64,1,0,0,0,1,0,0,0,1,4294967292,2147483647,0,0,0,2147483646,0,0,0,0,0,2147483646,0,0,0,0,0,0.000000,9.632960,9.331930,0,0,0,9.331930,0,0,0,0,0,9.331930,0,0,0,0,2417322
exxact_wilson_dslash_collapse2_static,1,0,0,0,Clang,Exxact,2,10,2,2400,640,640,20480,28160,NVIDIA GeForce RTX 2080,32,7000,448,7982,2100,2944,7.5,32,32,1024,16,65536,65536,255,1024,64,0,1,0,0,1,0,0,0,0,0,0,0,0,0,0,0,0,0,0,0,0,0,0,0,0,0,0,0,0,0,0,0,0,0,0,0,0,0,0,0,0,0,0,1015498
exxact_wilson_dslash_collapse1_dynamic,1,0,0,0,Clang,Exxact,2,10,2,2400,640,640,20480,28160,NVIDIA GeForce RTX 2080,32,7000,448,7982,2100,2944,7.5,32,32,1024,16,65536,65536,255,1024,64,1,0,0,0,0,1,0,0,1,4294967292,2147483647,0,0,0,2147483646,0,0,0,0,0,2147483646,0,0,0,0,0,0.000000,9.632960,9.331930,0,0,0,9.331930,0,0,0,0,0,9.331930,0,0,0,0,35102626
exxact_wilson_dslash_collapse2_dynamic,1,0,0,0,Clang,Exxact,2,10,2,2400,640,640,20480,28160,NVIDIA GeForce RTX 2080,32,7000,448,7982,2100,2944,7.5,32,32,1024,16,65536,65536,255,1024,64,0,1,0,0,0,1,0,0,0,0,0,0,0,0,0,0,0,0,0,0,0,0,0,0,0,0,0,0,0,0,0,0,0,0,0,0,0,0,0,0,0,0,0,2576502
exxact_wilson_dslash_collapse1_guided,1,0,0,0,Clang,Exxact,2,10,2,2400,640,640,20480,28160,NVIDIA GeForce RTX 2080,32,7000,448,7982,2100,2944,7.5,32,32,1024,16,65536,65536,255,1024,64,1,0,0,0,0,0,1,0,1,4294967292,2147483647,0,0,0,2147483646,0,0,0,0,0,2147483646,0,0,0,0,0,0.000000,9.632960,9.331930,0,0,0,9.331930,0,0,0,0,0,9.331930,0,0,0,0,35764260
exxact_wilson_dslash_collapse2_guided,1,0,0,0,Clang,Exxact,2,10,2,2400,640,640,20480,28160,NVIDIA GeForce RTX 2080,32,7000,448,7982,2100,2944,7.5,32,32,1024,16,65536,65536,255,1024,64,0,1,0,0,0,0,1,0,0,0,0,0,0,0,0,0,0,0,0,0,0,0,0,0,0,0,0,0,0,0,0,0,0,0,0,0,0,0,0,0,0,0,0,2577465
exxact_dwf_dslash_4,1,0,0,0,Clang,Exxact,2,10,2,2400,640,640,20480,28160,NVIDIA GeForce RTX 2080,32,7000,448,7982,2100,2944,7.5,32,32,1024,16,65536,65536,255,1024,64,1,0,0,0,1,0,0,0,0,1,0,0,0,0,0,0,0,0,0,0,0,0,0,0,0,0,0,0.000000,0,0,0,0,0,0,0,0,0,0,0,0,0,0,0,2417322
exxact_wilson_dslash_collapse1_static,1,0,0,0,Clang,Exxact,2,10,2,2400,640,640,20480,28160,NVIDIA GeForce RTX 2080,32,7000,448,7982,2100,2944,7.5,32,32,1024,16,65536,65536,255,1024,64,1,0,0,0,1,0,0,0,1,4294967292,2147483647,0,0,0,2147483646,0,0,0,0,0,2147483646,0,0,0,0,0,0.000000,9.632960,9.331930,0,0,0,9.331930,0,0,0,0,0,9.331930,0,0,0,0,4082503
exxact_wilson_dslash_collapse2_static,1,0,0,0,Clang,Exxact,2,10,2,2400,640,640,20480,28160,NVIDIA GeForce RTX 2080,32,7000,448,7982,2100,2944,7.5,32,32,1024,16,65536,65536,255,1024,64,0,1,0,0,1,0,0,0,0,0,0,0,0,0,0,0,0,0,0,0,0,0,0,0,0,0,0,0,0,0,0,0,0,0,0,0,0,0,0,0,0,0,0,1863448
exxact_wilson_dslash_collapse1_dynamic,1,0,0,0,Clang,Exxact,2,10,2,2400,640,640,20480,28160,NVIDIA GeForce RTX 2080,32,7000,448,7982,2100,2944,7.5,32,32,1024,16,65536,65536,255,1024,64,1,0,0,0,0,1,0,0,1,4294967292,2147483647,0,0,0,2147483646,0,0,0,0,0,2147483646,0,0,0,0,0,0.000000,9.632960,9.331930,0,0,0,9.331930,0,0,0,0,0,9.331930,0,0,0,0,70143474
exxact_wilson_dslash_collapse2_dynamic,1,0,0,0,Clang,Exxact,2,10,2,2400,640,640,20480,28160,NVIDIA GeForce RTX 2080,32,7000,448,7982,2100,2944,7.5,32,32,1024,16,65536,65536,255,1024,64,0,1,0,0,0,1,0,0,0,0,0,0,0,0,0,0,0,0,0,0,0,0,0,0,0,0,0,0,0,0,0,0,0,0,0,0,0,0,0,0,0,0,0,4812550
exxact_wilson_dslash_collapse1_guided,1,0,0,0,Clang,Exxact,2,10,2,2400,640,640,20480,28160,NVIDIA GeForce RTX 2080,32,7000,448,7982,2100,2944,7.5,32,32,1024,16,65536,65536,255,1024,64,1,0,0,0,0,0,1,0,1,4294967292,2147483647,0,0,0,2147483646,0,0,0,0,0,2147483646,0,0,0,0,0,0.000000,9.632960,9.331930,0,0,0,9.331930,0,0,0,0,0,9.331930,0,0,0,0,70215621
exxact_wilson_dslash_collapse2_guided,1,0,0,0,Clang,Exxact,2,10,2,2400,640,640,20480,28160,NVIDIA GeForce RTX 2080,32,7000,448,7982,2100,2944,7.5,32,32,1024,16,65536,65536,255,1024,64,0,1,0,0,0,0,1,0,0,0,0,0,0,0,0,0,0,0,0,0,0,0,0,0,0,0,0,0,0,0,0,0,0,0,0,0,0,0,0,0,0,0,0,5088491
exxact_dwf_dslash_4,1,0,0,0,Clang,Exxact,2,10,2,2400,640,640,20480,28160,NVIDIA GeForce RTX 2080,32,7000,448,7982,2100,2944,7.5,32,32,1024,16,65536,65536,255,1024,64,1,0,0,0,1,0,0,0,0,1,0,0,0,0,0,0,0,0,0,0,0,0,0,0,0,0,0,0.000000,0,0,0,0,0,0,0,0,0,0,0,0,0,0,0,4082503
exxact_wilson_dslash_collapse1_static,1,0,0,0,Clang,Exxact,2,10,2,2400,640,640,20480,28160,NVIDIA GeForce RTX 2080,32,7000,448,7982,2100,2944,7.5,32,32,1024,16,65536,65536,255,1024,64,1,0,0,0,1,0,0,0,1,4294967292,2147483647,0,0,0,2147483646,0,0,0,0,0,2147483646,0,0,0,0,0,0.000000,9.632960,9.331930,0,0,0,9.331930,0,0,0,0,0,9.331930,0,0,0,0,138200
exxact_wilson_dslash_collapse2_static,1,0,0,0,Clang,Exxact,2,10,2,2400,640,640,20480,28160,NVIDIA GeForce RTX 2080,32,7000,448,7982,2100,2944,7.5,32,32,1024,16,65536,65536,255,1024,64,0,1,0,0,1,0,0,0,0,0,0,0,0,0,0,0,0,0,0,0,0,0,0,0,0,0,0,0,0,0,0,0,0,0,0,0,0,0,0,0,0,0,0,40688
exxact_wilson_dslash_collapse1_dynamic,1,0,0,0,Clang,Exxact,2,10,2,2400,640,640,20480,28160,NVIDIA GeForce RTX 2080,32,7000,448,7982,2100,2944,7.5,32,32,1024,16,65536,65536,255,1024,64,1,0,0,0,0,1,0,0,1,4294967292,2147483647,0,0,0,2147483646,0,0,0,0,0,2147483646,0,0,0,0,0,0.000000,9.632960,9.331930,0,0,0,9.331930,0,0,0,0,0,9.331930,0,0,0,0,971051
exxact_wilson_dslash_collapse2_dynamic,1,0,0,0,Clang,Exxact,2,10,2,2400,640,640,20480,28160,NVIDIA GeForce RTX 2080,32,7000,448,7982,2100,2944,7.5,32,32,1024,16,65536,65536,255,1024,64,0,1,0,0,0,1,0,0,0,0,0,0,0,0,0,0,0,0,0,0,0,0,0,0,0,0,0,0,0,0,0,0,0,0,0,0,0,0,0,0,0,0,0,506906
exxact_wilson_dslash_collapse1_guided,1,0,0,0,Clang,Exxact,2,10,2,2400,640,640,20480,28160,NVIDIA GeForce RTX 2080,32,7000,448,7982,2100,2944,7.5,32,32,1024,16,65536,65536,255,1024,64,1,0,0,0,0,0,1,0,1,4294967292,2147483647,0,0,0,2147483646,0,0,0,0,0,2147483646,0,0,0,0,0,0.000000,9.632960,9.331930,0,0,0,9.331930,0,0,0,0,0,9.331930,0,0,0,0,973802
exxact_wilson_dslash_collapse2_guided,1,0,0,0,Clang,Exxact,2,10,2,2400,640,640,20480,28160,NVIDIA GeForce RTX 2080,32,7000,448,7982,2100,2944,7.5,32,32,1024,16,65536,65536,255,1024,64,0,1,0,0,0,0,1,0,0,0,0,0,0,0,0,0,0,0,0,0,0,0,0,0,0,0,0,0,0,0,0,0,0,0,0,0,0,0,0,0,0,0,0,535253
exxact_dwf_dslash_4,1,0,0,0,Clang,Exxact,2,10,2,2400,640,640,20480,28160,NVIDIA GeForce RTX 2080,32,7000,448,7982,2100,2944,7.5,32,32,1024,16,65536,65536,255,1024,64,1,0,0,0,1,0,0,0,0,1,0,0,0,0,0,0,0,0,0,0,0,0,0,0,0,0,0,0.000000,0,0,0,0,0,0,0,0,0,0,0,0,0,0,0,138200
exxact_wilson_dslash_collapse1_static,1,0,0,0,Clang,Exxact,2,10,2,2400,640,640,20480,28160,NVIDIA GeForce RTX 2080,32,7000,448,7982,2100,2944,7.5,32,32,1024,16,65536,65536,255,1024,64,1,0,0,0,1,0,0,0,1,4294967292,2147483647,0,0,0,2147483646,0,0,0,0,0,2147483646,0,0,0,0,0,0.000000,9.632960,9.331930,0,0,0,9.331930,0,0,0,0,0,9.331930,0,0,0,0,230435
exxact_wilson_dslash_collapse2_static,1,0,0,0,Clang,Exxact,2,10,2,2400,640,640,20480,28160,NVIDIA GeForce RTX 2080,32,7000,448,7982,2100,2944,7.5,32,32,1024,16,65536,65536,255,1024,64,0,1,0,0,1,0,0,0,0,0,0,0,0,0,0,0,0,0,0,0,0,0,0,0,0,0,0,0,0,0,0,0,0,0,0,0,0,0,0,0,0,0,0,83164
exxact_wilson_dslash_collapse1_dynamic,1,0,0,0,Clang,Exxact,2,10,2,2400,640,640,20480,28160,NVIDIA GeForce RTX 2080,32,7000,448,7982,2100,2944,7.5,32,32,1024,16,65536,65536,255,1024,64,1,0,0,0,0,1,0,0,1,4294967292,2147483647,0,0,0,2147483646,0,0,0,0,0,2147483646,0,0,0,0,0,0.000000,9.632960,9.331930,0,0,0,9.331930,0,0,0,0,0,9.331930,0,0,0,0,2922642
exxact_wilson_dslash_collapse2_dynamic,1,0,0,0,Clang,Exxact,2,10,2,2400,640,640,20480,28160,NVIDIA GeForce RTX 2080,32,7000,448,7982,2100,2944,7.5,32,32,1024,16,65536,65536,255,1024,64,0,1,0,0,0,1,0,0,0,0,0,0,0,0,0,0,0,0,0,0,0,0,0,0,0,0,0,0,0,0,0,0,0,0,0,0,0,0,0,0,0,0,0,903398
exxact_wilson_dslash_collapse1_guided,1,0,0,0,Clang,Exxact,2,10,2,2400,640,640,20480,28160,NVIDIA GeForce RTX 2080,32,7000,448,7982,2100,2944,7.5,32,32,1024,16,65536,65536,255,1024,64,1,0,0,0,0,0,1,0,1,4294967292,2147483647,0,0,0,2147483646,0,0,0,0,0,2147483646,0,0,0,0,0,0.000000,9.632960,9.331930,0,0,0,9.331930,0,0,0,0,0,9.331930,0,0,0,0,2885047
exxact_wilson_dslash_collapse2_guided,1,0,0,0,Clang,Exxact,2,10,2,2400,640,640,20480,28160,NVIDIA GeForce RTX 2080,32,7000,448,7982,2100,2944,7.5,32,32,1024,16,65536,65536,255,1024,64,0,1,0,0,0,0,1,0,0,0,0,0,0,0,0,0,0,0,0,0,0,0,0,0,0,0,0,0,0,0,0,0,0,0,0,0,0,0,0,0,0,0,0,525233
exxact_dwf_dslash_4,1,0,0,0,Clang,Exxact,2,10,2,2400,640,640,20480,28160,NVIDIA GeForce RTX 2080,32,7000,448,7982,2100,2944,7.5,32,32,1024,16,65536,65536,255,1024,64,1,0,0,0,1,0,0,0,0,1,0,0,0,0,0,0,0,0,0,0,0,0,0,0,0,0,0,0.000000,0,0,0,0,0,0,0,0,0,0,0,0,0,0,0,230435
exxact_wilson_dslash_collapse1_static,1,0,0,0,Clang,Exxact,2,10,2,2400,640,640,20480,28160,NVIDIA GeForce RTX 2080,32,7000,448,7982,2100,2944,7.5,32,32,1024,16,65536,65536,255,1024,64,1,0,0,0,1,0,0,0,1,4294967292,2147483647,0,0,0,2147483646,0,0,0,0,0,2147483646,0,0,0,0,0,0.000000,9.632960,9.331930,0,0,0,9.331930,0,0,0,0,0,9.331930,0,0,0,0,340835
exxact_wilson_dslash_collapse2_static,1,0,0,0,Clang,Exxact,2,10,2,2400,640,640,20480,28160,NVIDIA GeForce RTX 2080,32,7000,448,7982,2100,2944,7.5,32,32,1024,16,65536,65536,255,1024,64,0,1,0,0,1,0,0,0,0,0,0,0,0,0,0,0,0,0,0,0,0,0,0,0,0,0,0,0,0,0,0,0,0,0,0,0,0,0,0,0,0,0,0,124506
exxact_wilson_dslash_collapse1_dynamic,1,0,0,0,Clang,Exxact,2,10,2,2400,640,640,20480,28160,NVIDIA GeForce RTX 2080,32,7000,448,7982,2100,2944,7.5,32,32,1024,16,65536,65536,255,1024,64,1,0,0,0,0,1,0,0,1,4294967292,2147483647,0,0,0,2147483646,0,0,0,0,0,2147483646,0,0,0,0,0,0.000000,9.632960,9.331930,0,0,0,9.331930,0,0,0,0,0,9.331930,0,0,0,0,6347556
exxact_wilson_dslash_collapse2_dynamic,1,0,0,0,Clang,Exxact,2,10,2,2400,640,640,20480,28160,NVIDIA GeForce RTX 2080,32,7000,448,7982,2100,2944,7.5,32,32,1024,16,65536,65536,255,1024,64,0,1,0,0,0,1,0,0,0,0,0,0,0,0,0,0,0,0,0,0,0,0,0,0,0,0,0,0,0,0,0,0,0,0,0,0,0,0,0,0,0,0,0,756095
exxact_wilson_dslash_collapse1_guided,1,0,0,0,Clang,Exxact,2,10,2,2400,640,640,20480,28160,NVIDIA GeForce RTX 2080,32,7000,448,7982,2100,2944,7.5,32,32,1024,16,65536,65536,255,1024,64,1,0,0,0,0,0,1,0,1,4294967292,2147483647,0,0,0,2147483646,0,0,0,0,0,2147483646,0,0,0,0,0,0.000000,9.632960,9.331930,0,0,0,9.331930,0,0,0,0,0,9.331930,0,0,0,0,5776404
exxact_wilson_dslash_collapse2_guided,1,0,0,0,Clang,Exxact,2,10,2,2400,640,640,20480,28160,NVIDIA GeForce RTX 2080,32,7000,448,7982,2100,2944,7.5,32,32,1024,16,65536,65536,255,1024,64,0,1,0,0,0,0,1,0,0,0,0,0,0,0,0,0,0,0,0,0,0,0,0,0,0,0,0,0,0,0,0,0,0,0,0,0,0,0,0,0,0,0,0,778447
exxact_dwf_dslash_4,1,0,0,0,Clang,Exxact,2,10,2,2400,640,640,20480,28160,NVIDIA GeForce RTX 2080,32,7000,448,7982,2100,2944,7.5,32,32,1024,16,65536,65536,255,1024,64,1,0,0,0,1,0,0,0,0,1,0,0,0,0,0,0,0,0,0,0,0,0,0,0,0,0,0,0.000000,0,0,0,0,0,0,0,0,0,0,0,0,0,0,0,340835
exxact_wilson_dslash_collapse1_static,1,0,0,0,Clang,Exxact,2,10,2,2400,640,640,20480,28160,NVIDIA GeForce RTX 2080,32,7000,448,7982,2100,2944,7.5,32,32,1024,16,65536,65536,255,1024,64,1,0,0,0,1,0,0,0,1,4294967292,2147483647,0,0,0,2147483646,0,0,0,0,0,2147483646,0,0,0,0,0,0.000000,9.632960,9.331930,0,0,0,9.331930,0,0,0,0,0,9.331930,0,0,0,0,366077
exxact_wilson_dslash_collapse2_static,1,0,0,0,Clang,Exxact,2,10,2,2400,640,640,20480,28160,NVIDIA GeForce RTX 2080,32,7000,448,7982,2100,2944,7.5,32,32,1024,16,65536,65536,255,1024,64,0,1,0,0,1,0,0,0,0,0,0,0,0,0,0,0,0,0,0,0,0,0,0,0,0,0,0,0,0,0,0,0,0,0,0,0,0,0,0,0,0,0,0,65464
exxact_wilson_dslash_collapse1_dynamic,1,0,0,0,Clang,Exxact,2,10,2,2400,640,640,20480,28160,NVIDIA GeForce RTX 2080,32,7000,448,7982,2100,2944,7.5,32,32,1024,16,65536,65536,255,1024,64,1,0,0,0,0,1,0,0,1,4294967292,2147483647,0,0,0,2147483646,0,0,0,0,0,2147483646,0,0,0,0,0,0.000000,9.632960,9.331930,0,0,0,9.331930,0,0,0,0,0,9.331930,0,0,0,0,2905587
exxact_wilson_dslash_collapse2_dynamic,1,0,0,0,Clang,Exxact,2,10,2,2400,640,640,20480,28160,NVIDIA GeForce RTX 2080,32,7000,448,7982,2100,2944,7.5,32,32,1024,16,65536,65536,255,1024,64,0,1,0,0,0,1,0,0,0,0,0,0,0,0,0,0,0,0,0,0,0,0,0,0,0,0,0,0,0,0,0,0,0,0,0,0,0,0,0,0,0,0,0,891857
exxact_wilson_dslash_collapse1_guided,1,0,0,0,Clang,Exxact,2,10,2,2400,640,640,20480,28160,NVIDIA GeForce RTX 2080,32,7000,448,7982,2100,2944,7.5,32,32,1024,16,65536,65536,255,1024,64,1,0,0,0,0,0,1,0,1,4294967292,2147483647,0,0,0,2147483646,0,0,0,0,0,2147483646,0,0,0,0,0,0.000000,9.632960,9.331930,0,0,0,9.331930,0,0,0,0,0,9.331930,0,0,0,0,2869831
exxact_wilson_dslash_collapse2_guided,1,0,0,0,Clang,Exxact,2,10,2,2400,640,640,20480,28160,NVIDIA GeForce RTX 2080,32,7000,448,7982,2100,2944,7.5,32,32,1024,16,65536,65536,255,1024,64,0,1,0,0,0,0,1,0,0,0,0,0,0,0,0,0,0,0,0,0,0,0,0,0,0,0,0,0,0,0,0,0,0,0,0,0,0,0,0,0,0,0,0,522199
exxact_dwf_dslash_4,1,0,0,0,Clang,Exxact,2,10,2,2400,640,640,20480,28160,NVIDIA GeForce RTX 2080,32,7000,448,7982,2100,2944,7.5,32,32,1024,16,65536,65536,255,1024,64,1,0,0,0,1,0,0,0,0,1,0,0,0,0,0,0,0,0,0,0,0,0,0,0,0,0,0,0.000000,0,0,0,0,0,0,0,0,0,0,0,0,0,0,0,366077
exxact_wilson_dslash_collapse1_static,1,0,0,0,Clang,Exxact,2,10,2,2400,640,640,20480,28160,NVIDIA GeForce RTX 2080,32,7000,448,7982,2100,2944,7.5,32,32,1024,16,65536,65536,255,1024,64,1,0,0,0,1,0,0,0,1,4294967292,2147483647,0,0,0,2147483646,0,0,0,0,0,2147483646,0,0,0,0,0,0.000000,9.632960,9.331930,0,0,0,9.331930,0,0,0,0,0,9.331930,0,0,0,0,623546
exxact_wilson_dslash_collapse2_static,1,0,0,0,Clang,Exxact,2,10,2,2400,640,640,20480,28160,NVIDIA GeForce RTX 2080,32,7000,448,7982,2100,2944,7.5,32,32,1024,16,65536,65536,255,1024,64,0,1,0,0,1,0,0,0,0,0,0,0,0,0,0,0,0,0,0,0,0,0,0,0,0,0,0,0,0,0,0,0,0,0,0,0,0,0,0,0,0,0,0,338279
exxact_wilson_dslash_collapse1_dynamic,1,0,0,0,Clang,Exxact,2,10,2,2400,640,640,20480,28160,NVIDIA GeForce RTX 2080,32,7000,448,7982,2100,2944,7.5,32,32,1024,16,65536,65536,255,1024,64,1,0,0,0,0,1,0,0,1,4294967292,2147483647,0,0,0,2147483646,0,0,0,0,0,2147483646,0,0,0,0,0,0.000000,9.632960,9.331930,0,0,0,9.331930,0,0,0,0,0,9.331930,0,0,0,0,8692040
exxact_wilson_dslash_collapse2_dynamic,1,0,0,0,Clang,Exxact,2,10,2,2400,640,640,20480,28160,NVIDIA GeForce RTX 2080,32,7000,448,7982,2100,2944,7.5,32,32,1024,16,65536,65536,255,1024,64,0,1,0,0,0,1,0,0,0,0,0,0,0,0,0,0,0,0,0,0,0,0,0,0,0,0,0,0,0,0,0,0,0,0,0,0,0,0,0,0,0,0,0,871583
exxact_wilson_dslash_collapse1_guided,1,0,0,0,Clang,Exxact,2,10,2,2400,640,640,20480,28160,NVIDIA GeForce RTX 2080,32,7000,448,7982,2100,2944,7.5,32,32,1024,16,65536,65536,255,1024,64,1,0,0,0,0,0,1,0,1,4294967292,2147483647,0,0,0,2147483646,0,0,0,0,0,2147483646,0,0,0,0,0,0.000000,9.632960,9.331930,0,0,0,9.331930,0,0,0,0,0,9.331930,0,0,0,0,8743537
exxact_wilson_dslash_collapse2_guided,1,0,0,0,Clang,Exxact,2,10,2,2400,640,640,20480,28160,NVIDIA GeForce RTX 2080,32,7000,448,7982,2100,2944,7.5,32,32,1024,16,65536,65536,255,1024,64,0,1,0,0,0,0,1,0,0,0,0,0,0,0,0,0,0,0,0,0,0,0,0,0,0,0,0,0,0,0,0,0,0,0,0,0,0,0,0,0,0,0,0,874661
exxact_dwf_dslash_4,1,0,0,0,Clang,Exxact,2,10,2,2400,640,640,20480,28160,NVIDIA GeForce RTX 2080,32,7000,448,7982,2100,2944,7.5,32,32,1024,16,65536,65536,255,1024,64,1,0,0,0,1,0,0,0,0,1,0,0,0,0,0,0,0,0,0,0,0,0,0,0,0,0,0,0.000000,0,0,0,0,0,0,0,0,0,0,0,0,0,0,0,623546
exxact_wilson_dslash_collapse1_static,1,0,0,0,Clang,Exxact,2,10,2,2400,640,640,20480,28160,NVIDIA GeForce RTX 2080,32,7000,448,7982,2100,2944,7.5,32,32,1024,16,65536,65536,255,1024,64,1,0,0,0,1,0,0,0,1,4294967292,2147483647,0,0,0,2147483646,0,0,0,0,0,2147483646,0,0,0,0,0,0.000000,9.632960,9.331930,0,0,0,9.331930,0,0,0,0,0,9.331930,0,0,0,0,1096306
exxact_wilson_dslash_collapse2_static,1,0,0,0,Clang,Exxact,2,10,2,2400,640,640,20480,28160,NVIDIA GeForce RTX 2080,32,7000,448,7982,2100,2944,7.5,32,32,1024,16,65536,65536,255,1024,64,0,1,0,0,1,0,0,0,0,0,0,0,0,0,0,0,0,0,0,0,0,0,0,0,0,0,0,0,0,0,0,0,0,0,0,0,0,0,0,0,0,0,0,763819
exxact_wilson_dslash_collapse1_dynamic,1,0,0,0,Clang,Exxact,2,10,2,2400,640,640,20480,28160,NVIDIA GeForce RTX 2080,32,7000,448,7982,2100,2944,7.5,32,32,1024,16,65536,65536,255,1024,64,1,0,0,0,0,1,0,0,1,4294967292,2147483647,0,0,0,2147483646,0,0,0,0,0,2147483646,0,0,0,0,0,0.000000,9.632960,9.331930,0,0,0,9.331930,0,0,0,0,0,9.331930,0,0,0,0,17374032
exxact_wilson_dslash_collapse2_dynamic,1,0,0,0,Clang,Exxact,2,10,2,2400,640,640,20480,28160,NVIDIA GeForce RTX 2080,32,7000,448,7982,2100,2944,7.5,32,32,1024,16,65536,65536,255,1024,64,0,1,0,0,0,1,0,0,0,0,0,0,0,0,0,0,0,0,0,0,0,0,0,0,0,0,0,0,0,0,0,0,0,0,0,0,0,0,0,0,0,0,0,1264499
exxact_wilson_dslash_collapse1_guided,1,0,0,0,Clang,Exxact,2,10,2,2400,640,640,20480,28160,NVIDIA GeForce RTX 2080,32,7000,448,7982,2100,2944,7.5,32,32,1024,16,65536,65536,255,1024,64,1,0,0,0,0,0,1,0,1,4294967292,2147483647,0,0,0,2147483646,0,0,0,0,0,2147483646,0,0,0,0,0,0.000000,9.632960,9.331930,0,0,0,9.331930,0,0,0,0,0,9.331930,0,0,0,0,17424265
exxact_wilson_dslash_collapse2_guided,1,0,0,0,Clang,Exxact,2,10,2,2400,640,640,20480,28160,NVIDIA GeForce RTX 2080,32,7000,448,7982,2100,2944,7.5,32,32,1024,16,65536,65536,255,1024,64,0,1,0,0,0,0,1,0,0,0,0,0,0,0,0,0,0,0,0,0,0,0,0,0,0,0,0,0,0,0,0,0,0,0,0,0,0,0,0,0,0,0,0,1248936
exxact_dwf_dslash_4,1,0,0,0,Clang,Exxact,2,10,2,2400,640,640,20480,28160,NVIDIA GeForce RTX 2080,32,7000,448,7982,2100,2944,7.5,32,32,1024,16,65536,65536,255,1024,64,1,0,0,0,1,0,0,0,0,1,0,0,0,0,0,0,0,0,0,0,0,0,0,0,0,0,0,0.000000,0,0,0,0,0,0,0,0,0,0,0,0,0,0,0,1096306
exxact_wilson_dslash_collapse1_static,1,0,0,0,Clang,Exxact,2,10,2,2400,640,640,20480,28160,NVIDIA GeForce RTX 2080,32,7000,448,7982,2100,2944,7.5,32,32,1024,16,65536,65536,255,1024,64,1,0,0,0,1,0,0,0,1,4294967292,2147483647,0,0,0,2147483646,0,0,0,0,0,2147483646,0,0,0,0,0,0.000000,9.632960,9.331930,0,0,0,9.331930,0,0,0,0,0,9.331930,0,0,0,0,744347
exxact_wilson_dslash_collapse2_static,1,0,0,0,Clang,Exxact,2,10,2,2400,640,640,20480,28160,NVIDIA GeForce RTX 2080,32,7000,448,7982,2100,2944,7.5,32,32,1024,16,65536,65536,255,1024,64,0,1,0,0,1,0,0,0,0,0,0,0,0,0,0,0,0,0,0,0,0,0,0,0,0,0,0,0,0,0,0,0,0,0,0,0,0,0,0,0,0,0,0,146905
exxact_wilson_dslash_collapse1_dynamic,1,0,0,0,Clang,Exxact,2,10,2,2400,640,640,20480,28160,NVIDIA GeForce RTX 2080,32,7000,448,7982,2100,2944,7.5,32,32,1024,16,65536,65536,255,1024,64,1,0,0,0,0,1,0,0,1,4294967292,2147483647,0,0,0,2147483646,0,0,0,0,0,2147483646,0,0,0,0,0,0.000000,9.632960,9.331930,0,0,0,9.331930,0,0,0,0,0,9.331930,0,0,0,0,5886738
exxact_wilson_dslash_collapse2_dynamic,1,0,0,0,Clang,Exxact,2,10,2,2400,640,640,20480,28160,NVIDIA GeForce RTX 2080,32,7000,448,7982,2100,2944,7.5,32,32,1024,16,65536,65536,255,1024,64,0,1,0,0,0,1,0,0,0,0,0,0,0,0,0,0,0,0,0,0,0,0,0,0,0,0,0,0,0,0,0,0,0,0,0,0,0,0,0,0,0,0,0,770217
exxact_wilson_dslash_collapse1_guided,1,0,0,0,Clang,Exxact,2,10,2,2400,640,640,20480,28160,NVIDIA GeForce RTX 2080,32,7000,448,7982,2100,2944,7.5,32,32,1024,16,65536,65536,255,1024,64,1,0,0,0,0,0,1,0,1,4294967292,2147483647,0,0,0,2147483646,0,0,0,0,0,2147483646,0,0,0,0,0,0.000000,9.632960,9.331930,0,0,0,9.331930,0,0,0,0,0,9.331930,0,0,0,0,5841847
exxact_wilson_dslash_collapse2_guided,1,0,0,0,Clang,Exxact,2,10,2,2400,640,640,20480,28160,NVIDIA GeForce RTX 2080,32,7000,448,7982,2100,2944,7.5,32,32,1024,16,65536,65536,255,1024,64,0,1,0,0,0,0,1,0,0,0,0,0,0,0,0,0,0,0,0,0,0,0,0,0,0,0,0,0,0,0,0,0,0,0,0,0,0,0,0,0,0,0,0,772222
exxact_dwf_dslash_4,1,0,0,0,Clang,Exxact,2,10,2,2400,640,640,20480,28160,NVIDIA GeForce RTX 2080,32,7000,448,7982,2100,2944,7.5,32,32,1024,16,65536,65536,255,1024,64,1,0,0,0,1,0,0,0,0,1,0,0,0,0,0,0,0,0,0,0,0,0,0,0,0,0,0,0.000000,0,0,0,0,0,0,0,0,0,0,0,0,0,0,0,744347
exxact_wilson_dslash_collapse1_static,1,0,0,0,Clang,Exxact,2,10,2,2400,640,640,20480,28160,NVIDIA GeForce RTX 2080,32,7000,448,7982,2100,2944,7.5,32,32,1024,16,65536,65536,255,1024,64,1,0,0,0,1,0,0,0,1,4294967292,2147483647,0,0,0,2147483646,0,0,0,0,0,2147483646,0,0,0,0,0,0.000000,9.632960,9.331930,0,0,0,9.331930,0,0,0,0,0,9.331930,0,0,0,0,1472477
exxact_wilson_dslash_collapse2_static,1,0,0,0,Clang,Exxact,2,10,2,2400,640,640,20480,28160,NVIDIA GeForce RTX 2080,32,7000,448,7982,2100,2944,7.5,32,32,1024,16,65536,65536,255,1024,64,0,1,0,0,1,0,0,0,0,0,0,0,0,0,0,0,0,0,0,0,0,0,0,0,0,0,0,0,0,0,0,0,0,0,0,0,0,0,0,0,0,0,0,477060
exxact_wilson_dslash_collapse1_dynamic,1,0,0,0,Clang,Exxact,2,10,2,2400,640,640,20480,28160,NVIDIA GeForce RTX 2080,32,7000,448,7982,2100,2944,7.5,32,32,1024,16,65536,65536,255,1024,64,1,0,0,0,0,1,0,0,1,4294967292,2147483647,0,0,0,2147483646,0,0,0,0,0,2147483646,0,0,0,0,0,0.000000,9.632960,9.331930,0,0,0,9.331930,0,0,0,0,0,9.331930,0,0,0,0,17403359
exxact_wilson_dslash_collapse2_dynamic,1,0,0,0,Clang,Exxact,2,10,2,2400,640,640,20480,28160,NVIDIA GeForce RTX 2080,32,7000,448,7982,2100,2944,7.5,32,32,1024,16,65536,65536,255,1024,64,0,1,0,0,0,1,0,0,0,0,0,0,0,0,0,0,0,0,0,0,0,0,0,0,0,0,0,0,0,0,0,0,0,0,0,0,0,0,0,0,0,0,0,1277362
exxact_wilson_dslash_collapse1_guided,1,0,0,0,Clang,Exxact,2,10,2,2400,640,640,20480,28160,NVIDIA GeForce RTX 2080,32,7000,448,7982,2100,2944,7.5,32,32,1024,16,65536,65536,255,1024,64,1,0,0,0,0,0,1,0,1,4294967292,2147483647,0,0,0,2147483646,0,0,0,0,0,2147483646,0,0,0,0,0,0.000000,9.632960,9.331930,0,0,0,9.331930,0,0,0,0,0,9.331930,0,0,0,0,17613445
exxact_wilson_dslash_collapse2_guided,1,0,0,0,Clang,Exxact,2,10,2,2400,640,640,20480,28160,NVIDIA GeForce RTX 2080,32,7000,448,7982,2100,2944,7.5,32,32,1024,16,65536,65536,255,1024,64,0,1,0,0,0,0,1,0,0,0,0,0,0,0,0,0,0,0,0,0,0,0,0,0,0,0,0,0,0,0,0,0,0,0,0,0,0,0,0,0,0,0,0,1047528
exxact_dwf_dslash_4,1,0,0,0,Clang,Exxact,2,10,2,2400,640,640,20480,28160,NVIDIA GeForce RTX 2080,32,7000,448,7982,2100,2944,7.5,32,32,1024,16,65536,65536,255,1024,64,1,0,0,0,1,0,0,0,0,1,0,0,0,0,0,0,0,0,0,0,0,0,0,0,0,0,0,0.000000,0,0,0,0,0,0,0,0,0,0,0,0,0,0,0,1472477
exxact_wilson_dslash_collapse1_static,1,0,0,0,Clang,Exxact,2,10,2,2400,640,640,20480,28160,NVIDIA GeForce RTX 2080,32,7000,448,7982,2100,2944,7.5,32,32,1024,16,65536,65536,255,1024,64,1,0,0,0,1,0,0,0,1,4294967292,2147483647,0,0,0,2147483646,0,0,0,0,0,2147483646,0,0,0,0,0,0.000000,9.632960,9.331930,0,0,0,9.331930,0,0,0,0,0,9.331930,0,0,0,0,3868336
exxact_wilson_dslash_collapse2_static,1,0,0,0,Clang,Exxact,2,10,2,2400,640,640,20480,28160,NVIDIA GeForce RTX 2080,32,7000,448,7982,2100,2944,7.5,32,32,1024,16,65536,65536,255,1024,64,0,1,0,0,1,0,0,0,0,0,0,0,0,0,0,0,0,0,0,0,0,0,0,0,0,0,0,0,0,0,0,0,0,0,0,0,0,0,0,0,0,0,0,1924288
exxact_wilson_dslash_collapse1_dynamic,1,0,0,0,Clang,Exxact,2,10,2,2400,640,640,20480,28160,NVIDIA GeForce RTX 2080,32,7000,448,7982,2100,2944,7.5,32,32,1024,16,65536,65536,255,1024,64,1,0,0,0,0,1,0,0,1,4294967292,2147483647,0,0,0,2147483646,0,0,0,0,0,2147483646,0,0,0,0,0,0.000000,9.632960,9.331930,0,0,0,9.331930,0,0,0,0,0,9.331930,0,0,0,0,34844143
exxact_wilson_dslash_collapse2_dynamic,1,0,0,0,Clang,Exxact,2,10,2,2400,640,640,20480,28160,NVIDIA GeForce RTX 2080,32,7000,448,7982,2100,2944,7.5,32,32,1024,16,65536,65536,255,1024,64,0,1,0,0,0,1,0,0,0,0,0,0,0,0,0,0,0,0,0,0,0,0,0,0,0,0,0,0,0,0,0,0,0,0,0,0,0,0,0,0,0,0,0,2489947
exxact_wilson_dslash_collapse1_guided,1,0,0,0,Clang,Exxact,2,10,2,2400,640,640,20480,28160,NVIDIA GeForce RTX 2080,32,7000,448,7982,2100,2944,7.5,32,32,1024,16,65536,65536,255,1024,64,1,0,0,0,0,0,1,0,1,4294967292,2147483647,0,0,0,2147483646,0,0,0,0,0,2147483646,0,0,0,0,0,0.000000,9.632960,9.331930,0,0,0,9.331930,0,0,0,0,0,9.331930,0,0,0,0,35548283
exxact_wilson_dslash_collapse2_guided,1,0,0,0,Clang,Exxact,2,10,2,2400,640,640,20480,28160,NVIDIA GeForce RTX 2080,32,7000,448,7982,2100,2944,7.5,32,32,1024,16,65536,65536,255,1024,64,0,1,0,0,0,0,1,0,0,0,0,0,0,0,0,0,0,0,0,0,0,0,0,0,0,0,0,0,0,0,0,0,0,0,0,0,0,0,0,0,0,0,0,2369140
exxact_dwf_dslash_4,1,0,0,0,Clang,Exxact,2,10,2,2400,640,640,20480,28160,NVIDIA GeForce RTX 2080,32,7000,448,7982,2100,2944,7.5,32,32,1024,16,65536,65536,255,1024,64,1,0,0,0,1,0,0,0,0,1,0,0,0,0,0,0,0,0,0,0,0,0,0,0,0,0,0,0.000000,0,0,0,0,0,0,0,0,0,0,0,0,0,0,0,3868336
exxact_wilson_dslash_collapse1_static,1,0,0,0,Clang,Exxact,2,10,2,2400,640,640,20480,28160,NVIDIA GeForce RTX 2080,32,7000,448,7982,2100,2944,7.5,32,32,1024,16,65536,65536,255,1024,64,1,0,0,0,1,0,0,0,1,4294967292,2147483647,0,0,0,2147483646,0,0,0,0,0,2147483646,0,0,0,0,0,0.000000,9.632960,9.331930,0,0,0,9.331930,0,0,0,0,0,9.331930,0,0,0,0,388297
exxact_wilson_dslash_collapse2_static,1,0,0,0,Clang,Exxact,2,10,2,2400,640,640,20480,28160,NVIDIA GeForce RTX 2080,32,7000,448,7982,2100,2944,7.5,32,32,1024,16,65536,65536,255,1024,64,0,1,0,0,1,0,0,0,0,0,0,0,0,0,0,0,0,0,0,0,0,0,0,0,0,0,0,0,0,0,0,0,0,0,0,0,0,0,0,0,0,0,0,118194
exxact_wilson_dslash_collapse1_dynamic,1,0,0,0,Clang,Exxact,2,10,2,2400,640,640,20480,28160,NVIDIA GeForce RTX 2080,32,7000,448,7982,2100,2944,7.5,32,32,1024,16,65536,65536,255,1024,64,1,0,0,0,0,1,0,0,1,4294967292,2147483647,0,0,0,2147483646,0,0,0,0,0,2147483646,0,0,0,0,0,0.000000,9.632960,9.331930,0,0,0,9.331930,0,0,0,0,0,9.331930,0,0,0,0,2916742
exxact_wilson_dslash_collapse2_dynamic,1,0,0,0,Clang,Exxact,2,10,2,2400,640,640,20480,28160,NVIDIA GeForce RTX 2080,32,7000,448,7982,2100,2944,7.5,32,32,1024,16,65536,65536,255,1024,64,0,1,0,0,0,1,0,0,0,0,0,0,0,0,0,0,0,0,0,0,0,0,0,0,0,0,0,0,0,0,0,0,0,0,0,0,0,0,0,0,0,0,0,1595492
exxact_wilson_dslash_collapse1_guided,1,0,0,0,Clang,Exxact,2,10,2,2400,640,640,20480,28160,NVIDIA GeForce RTX 2080,32,7000,448,7982,2100,2944,7.5,32,32,1024,16,65536,65536,255,1024,64,1,0,0,0,0,0,1,0,1,4294967292,2147483647,0,0,0,2147483646,0,0,0,0,0,2147483646,0,0,0,0,0,0.000000,9.632960,9.331930,0,0,0,9.331930,0,0,0,0,0,9.331930,0,0,0,0,2910590
exxact_wilson_dslash_collapse2_guided,1,0,0,0,Clang,Exxact,2,10,2,2400,640,640,20480,28160,NVIDIA GeForce RTX 2080,32,7000,448,7982,2100,2944,7.5,32,32,1024,16,65536,65536,255,1024,64,0,1,0,0,0,0,1,0,0,0,0,0,0,0,0,0,0,0,0,0,0,0,0,0,0,0,0,0,0,0,0,0,0,0,0,0,0,0,0,0,0,0,0,1590730
exxact_dwf_dslash_4,1,0,0,0,Clang,Exxact,2,10,2,2400,640,640,20480,28160,NVIDIA GeForce RTX 2080,32,7000,448,7982,2100,2944,7.5,32,32,1024,16,65536,65536,255,1024,64,1,0,0,0,1,0,0,0,0,1,0,0,0,0,0,0,0,0,0,0,0,0,0,0,0,0,0,0.000000,0,0,0,0,0,0,0,0,0,0,0,0,0,0,0,388297
exxact_wilson_dslash_collapse1_static,1,0,0,0,Clang,Exxact,2,10,2,2400,640,640,20480,28160,NVIDIA GeForce RTX 2080,32,7000,448,7982,2100,2944,7.5,32,32,1024,16,65536,65536,255,1024,64,1,0,0,0,1,0,0,0,1,4294967292,2147483647,0,0,0,2147483646,0,0,0,0,0,2147483646,0,0,0,0,0,0.000000,9.632960,9.331930,0,0,0,9.331930,0,0,0,0,0,9.331930,0,0,0,0,623959
exxact_wilson_dslash_collapse2_static,1,0,0,0,Clang,Exxact,2,10,2,2400,640,640,20480,28160,NVIDIA GeForce RTX 2080,32,7000,448,7982,2100,2944,7.5,32,32,1024,16,65536,65536,255,1024,64,0,1,0,0,1,0,0,0,0,0,0,0,0,0,0,0,0,0,0,0,0,0,0,0,0,0,0,0,0,0,0,0,0,0,0,0,0,0,0,0,0,0,0,472344
exxact_wilson_dslash_collapse1_dynamic,1,0,0,0,Clang,Exxact,2,10,2,2400,640,640,20480,28160,NVIDIA GeForce RTX 2080,32,7000,448,7982,2100,2944,7.5,32,32,1024,16,65536,65536,255,1024,64,1,0,0,0,0,1,0,0,1,4294967292,2147483647,0,0,0,2147483646,0,0,0,0,0,2147483646,0,0,0,0,0,0.000000,9.632960,9.331930,0,0,0,9.331930,0,0,0,0,0,9.331930,0,0,0,0,8693892
exxact_wilson_dslash_collapse2_dynamic,1,0,0,0,Clang,Exxact,2,10,2,2400,640,640,20480,28160,NVIDIA GeForce RTX 2080,32,7000,448,7982,2100,2944,7.5,32,32,1024,16,65536,65536,255,1024,64,0,1,0,0,0,1,0,0,0,0,0,0,0,0,0,0,0,0,0,0,0,0,0,0,0,0,0,0,0,0,0,0,0,0,0,0,0,0,0,0,0,0,0,1835999
exxact_wilson_dslash_collapse1_guided,1,0,0,0,Clang,Exxact,2,10,2,2400,640,640,20480,28160,NVIDIA GeForce RTX 2080,32,7000,448,7982,2100,2944,7.5,32,32,1024,16,65536,65536,255,1024,64,1,0,0,0,0,0,1,0,1,4294967292,2147483647,0,0,0,2147483646,0,0,0,0,0,2147483646,0,0,0,0,0,0.000000,9.632960,9.331930,0,0,0,9.331930,0,0,0,0,0,9.331930,0,0,0,0,8736270
exxact_wilson_dslash_collapse2_guided,1,0,0,0,Clang,Exxact,2,10,2,2400,640,640,20480,28160,NVIDIA GeForce RTX 2080,32,7000,448,7982,2100,2944,7.5,32,32,1024,16,65536,65536,255,1024,64,0,1,0,0,0,0,1,0,0,0,0,0,0,0,0,0,0,0,0,0,0,0,0,0,0,0,0,0,0,0,0,0,0,0,0,0,0,0,0,0,0,0,0,1845542
exxact_dwf_dslash_4,1,0,0,0,Clang,Exxact,2,10,2,2400,640,640,20480,28160,NVIDIA GeForce RTX 2080,32,7000,448,7982,2100,2944,7.5,32,32,1024,16,65536,65536,255,1024,64,1,0,0,0,1,0,0,0,0,1,0,0,0,0,0,0,0,0,0,0,0,0,0,0,0,0,0,0.000000,0,0,0,0,0,0,0,0,0,0,0,0,0,0,0,623959
exxact_wilson_dslash_collapse1_static,1,0,0,0,Clang,Exxact,2,10,2,2400,640,640,20480,28160,NVIDIA GeForce RTX 2080,32,7000,448,7982,2100,2944,7.5,32,32,1024,16,65536,65536,255,1024,64,1,0,0,0,1,0,0,0,1,4294967292,2147483647,0,0,0,2147483646,0,0,0,0,0,2147483646,0,0,0,0,0,0.000000,9.632960,9.331930,0,0,0,9.331930,0,0,0,0,0,9.331930,0,0,0,0,2121601
exxact_wilson_dslash_collapse2_static,1,0,0,0,Clang,Exxact,2,10,2,2400,640,640,20480,28160,NVIDIA GeForce RTX 2080,32,7000,448,7982,2100,2944,7.5,32,32,1024,16,65536,65536,255,1024,64,0,1,0,0,1,0,0,0,0,0,0,0,0,0,0,0,0,0,0,0,0,0,0,0,0,0,0,0,0,0,0,0,0,0,0,0,0,0,0,0,0,0,0,1089756
exxact_wilson_dslash_collapse1_dynamic,1,0,0,0,Clang,Exxact,2,10,2,2400,640,640,20480,28160,NVIDIA GeForce RTX 2080,32,7000,448,7982,2100,2944,7.5,32,32,1024,16,65536,65536,255,1024,64,1,0,0,0,0,1,0,0,1,4294967292,2147483647,0,0,0,2147483646,0,0,0,0,0,2147483646,0,0,0,0,0,0.000000,9.632960,9.331930,0,0,0,9.331930,0,0,0,0,0,9.331930,0,0,0,0,17254218
exxact_wilson_dslash_collapse2_dynamic,1,0,0,0,Clang,Exxact,2,10,2,2400,640,640,20480,28160,NVIDIA GeForce RTX 2080,32,7000,448,7982,2100,2944,7.5,32,32,1024,16,65536,65536,255,1024,64,0,1,0,0,0,1,0,0,0,0,0,0,0,0,0,0,0,0,0,0,0,0,0,0,0,0,0,0,0,0,0,0,0,0,0,0,0,0,0,0,0,0,0,2242717
exxact_wilson_dslash_collapse1_guided,1,0,0,0,Clang,Exxact,2,10,2,2400,640,640,20480,28160,NVIDIA GeForce RTX 2080,32,7000,448,7982,2100,2944,7.5,32,32,1024,16,65536,65536,255,1024,64,1,0,0,0,0,0,1,0,1,4294967292,2147483647,0,0,0,2147483646,0,0,0,0,0,2147483646,0,0,0,0,0,0.000000,9.632960,9.331930,0,0,0,9.331930,0,0,0,0,0,9.331930,0,0,0,0,17310606
exxact_wilson_dslash_collapse2_guided,1,0,0,0,Clang,Exxact,2,10,2,2400,640,640,20480,28160,NVIDIA GeForce RTX 2080,32,7000,448,7982,2100,2944,7.5,32,32,1024,16,65536,65536,255,1024,64,0,1,0,0,0,0,1,0,0,0,0,0,0,0,0,0,0,0,0,0,0,0,0,0,0,0,0,0,0,0,0,0,0,0,0,0,0,0,0,0,0,0,0,2182322
exxact_dwf_dslash_4,1,0,0,0,Clang,Exxact,2,10,2,2400,640,640,20480,28160,NVIDIA GeForce RTX 2080,32,7000,448,7982,2100,2944,7.5,32,32,1024,16,65536,65536,255,1024,64,1,0,0,0,1,0,0,0,0,1,0,0,0,0,0,0,0,0,0,0,0,0,0,0,0,0,0,0.000000,0,0,0,0,0,0,0,0,0,0,0,0,0,0,0,2121601
exxact_wilson_dslash_collapse1_static,1,0,0,0,Clang,Exxact,2,10,2,2400,640,640,20480,28160,NVIDIA GeForce RTX 2080,32,7000,448,7982,2100,2944,7.5,32,32,1024,16,65536,65536,255,1024,64,1,0,0,0,1,0,0,0,1,4294967292,2147483647,0,0,0,2147483646,0,0,0,0,0,2147483646,0,0,0,0,0,0.000000,9.632960,9.331930,0,0,0,9.331930,0,0,0,0,0,9.331930,0,0,0,0,1087222
exxact_wilson_dslash_collapse2_static,1,0,0,0,Clang,Exxact,2,10,2,2400,640,640,20480,28160,NVIDIA GeForce RTX 2080,32,7000,448,7982,2100,2944,7.5,32,32,1024,16,65536,65536,255,1024,64,0,1,0,0,1,0,0,0,0,0,0,0,0,0,0,0,0,0,0,0,0,0,0,0,0,0,0,0,0,0,0,0,0,0,0,0,0,0,0,0,0,0,0,458434
exxact_wilson_dslash_collapse1_dynamic,1,0,0,0,Clang,Exxact,2,10,2,2400,640,640,20480,28160,NVIDIA GeForce RTX 2080,32,7000,448,7982,2100,2944,7.5,32,32,1024,16,65536,65536,255,1024,64,1,0,0,0,0,1,0,0,1,4294967292,2147483647,0,0,0,2147483646,0,0,0,0,0,2147483646,0,0,0,0,0,0.000000,9.632960,9.331930,0,0,0,9.331930,0,0,0,0,0,9.331930,0,0,0,0,8708945
exxact_wilson_dslash_collapse2_dynamic,1,0,0,0,Clang,Exxact,2,10,2,2400,640,640,20480,28160,NVIDIA GeForce RTX 2080,32,7000,448,7982,2100,2944,7.5,32,32,1024,16,65536,65536,255,1024,64,0,1,0,0,0,1,0,0,0,0,0,0,0,0,0,0,0,0,0,0,0,0,0,0,0,0,0,0,0,0,0,0,0,0,0,0,0,0,0,0,0,0,0,1868485
exxact_wilson_dslash_collapse1_guided,1,0,0,0,Clang,Exxact,2,10,2,2400,640,640,20480,28160,NVIDIA GeForce RTX 2080,32,7000,448,7982,2100,2944,7.5,32,32,1024,16,65536,65536,255,1024,64,1,0,0,0,0,0,1,0,1,4294967292,2147483647,0,0,0,2147483646,0,0,0,0,0,2147483646,0,0,0,0,0,0.000000,9.632960,9.331930,0,0,0,9.331930,0,0,0,0,0,9.331930,0,0,0,0,8749823
exxact_wilson_dslash_collapse2_guided,1,0,0,0,Clang,Exxact,2,10,2,2400,640,640,20480,28160,NVIDIA GeForce RTX 2080,32,7000,448,7982,2100,2944,7.5,32,32,1024,16,65536,65536,255,1024,64,0,1,0,0,0,0,1,0,0,0,0,0,0,0,0,0,0,0,0,0,0,0,0,0,0,0,0,0,0,0,0,0,0,0,0,0,0,0,0,0,0,0,0,1886650
exxact_dwf_dslash_4,1,0,0,0,Clang,Exxact,2,10,2,2400,640,640,20480,28160,NVIDIA GeForce RTX 2080,32,7000,448,7982,2100,2944,7.5,32,32,1024,16,65536,65536,255,1024,64,1,0,0,0,1,0,0,0,0,1,0,0,0,0,0,0,0,0,0,0,0,0,0,0,0,0,0,0.000000,0,0,0,0,0,0,0,0,0,0,0,0,0,0,0,1087222
exxact_wilson_dslash_collapse1_static,1,0,0,0,Clang,Exxact,2,10,2,2400,640,640,20480,28160,NVIDIA GeForce RTX 2080,32,7000,448,7982,2100,2944,7.5,32,32,1024,16,65536,65536,255,1024,64,1,0,0,0,1,0,0,0,1,4294967292,2147483647,0,0,0,2147483646,0,0,0,0,0,2147483646,0,0,0,0,0,0.000000,9.632960,9.331930,0,0,0,9.331930,0,0,0,0,0,9.331930,0,0,0,0,1816924
exxact_wilson_dslash_collapse2_static,1,0,0,0,Clang,Exxact,2,10,2,2400,640,640,20480,28160,NVIDIA GeForce RTX 2080,32,7000,448,7982,2100,2944,7.5,32,32,1024,16,65536,65536,255,1024,64,0,1,0,0,1,0,0,0,0,0,0,0,0,0,0,0,0,0,0,0,0,0,0,0,0,0,0,0,0,0,0,0,0,0,0,0,0,0,0,0,0,0,0,812007
exxact_wilson_dslash_collapse1_dynamic,1,0,0,0,Clang,Exxact,2,10,2,2400,640,640,20480,28160,NVIDIA GeForce RTX 2080,32,7000,448,7982,2100,2944,7.5,32,32,1024,16,65536,65536,255,1024,64,1,0,0,0,0,1,0,0,1,4294967292,2147483647,0,0,0,2147483646,0,0,0,0,0,2147483646,0,0,0,0,0,0.000000,9.632960,9.331930,0,0,0,9.331930,0,0,0,0,0,9.331930,0,0,0,0,25910171
exxact_wilson_dslash_collapse2_dynamic,1,0,0,0,Clang,Exxact,2,10,2,2400,640,640,20480,28160,NVIDIA GeForce RTX 2080,32,7000,448,7982,2100,2944,7.5,32,32,1024,16,65536,65536,255,1024,64,0,1,0,0,0,1,0,0,0,0,0,0,0,0,0,0,0,0,0,0,0,0,0,0,0,0,0,0,0,0,0,0,0,0,0,0,0,0,0,0,0,0,0,2511628
exxact_wilson_dslash_collapse1_guided,1,0,0,0,Clang,Exxact,2,10,2,2400,640,640,20480,28160,NVIDIA GeForce RTX 2080,32,7000,448,7982,2100,2944,7.5,32,32,1024,16,65536,65536,255,1024,64,1,0,0,0,0,0,1,0,1,4294967292,2147483647,0,0,0,2147483646,0,0,0,0,0,2147483646,0,0,0,0,0,0.000000,9.632960,9.331930,0,0,0,9.331930,0,0,0,0,0,9.331930,0,0,0,0,26301255
exxact_wilson_dslash_collapse2_guided,1,0,0,0,Clang,Exxact,2,10,2,2400,640,640,20480,28160,NVIDIA GeForce RTX 2080,32,7000,448,7982,2100,2944,7.5,32,32,1024,16,65536,65536,255,1024,64,0,1,0,0,0,0,1,0,0,0,0,0,0,0,0,0,0,0,0,0,0,0,0,0,0,0,0,0,0,0,0,0,0,0,0,0,0,0,0,0,0,0,0,2432146
exxact_dwf_dslash_4,1,0,0,0,Clang,Exxact,2,10,2,2400,640,640,20480,28160,NVIDIA GeForce RTX 2080,32,7000,448,7982,2100,2944,7.5,32,32,1024,16,65536,65536,255,1024,64,1,0,0,0,1,0,0,0,0,1,0,0,0,0,0,0,0,0,0,0,0,0,0,0,0,0,0,0.000000,0,0,0,0,0,0,0,0,0,0,0,0,0,0,0,1816924
exxact_wilson_dslash_collapse1_static,1,0,0,0,Clang,Exxact,2,10,2,2400,640,640,20480,28160,NVIDIA GeForce RTX 2080,32,7000,448,7982,2100,2944,7.5,32,32,1024,16,65536,65536,255,1024,64,1,0,0,0,1,0,0,0,1,4294967292,2147483647,0,0,0,2147483646,0,0,0,0,0,2147483646,0,0,0,0,0,0.000000,9.632960,9.331930,0,0,0,9.331930,0,0,0,0,0,9.331930,0,0,0,0,3037810
exxact_wilson_dslash_collapse2_static,1,0,0,0,Clang,Exxact,2,10,2,2400,640,640,20480,28160,NVIDIA GeForce RTX 2080,32,7000,448,7982,2100,2944,7.5,32,32,1024,16,65536,65536,255,1024,64,0,1,0,0,1,0,0,0,0,0,0,0,0,0,0,0,0,0,0,0,0,0,0,0,0,0,0,0,0,0,0,0,0,0,0,0,0,0,0,0,0,0,0,1333043
exxact_wilson_dslash_collapse1_dynamic,1,0,0,0,Clang,Exxact,2,10,2,2400,640,640,20480,28160,NVIDIA GeForce RTX 2080,32,7000,448,7982,2100,2944,7.5,32,32,1024,16,65536,65536,255,1024,64,1,0,0,0,0,1,0,0,1,4294967292,2147483647,0,0,0,2147483646,0,0,0,0,0,2147483646,0,0,0,0,0,0.000000,9.632960,9.331930,0,0,0,9.331930,0,0,0,0,0,9.331930,0,0,0,0,52531901
exxact_wilson_dslash_collapse2_dynamic,1,0,0,0,Clang,Exxact,2,10,2,2400,640,640,20480,28160,NVIDIA GeForce RTX 2080,32,7000,448,7982,2100,2944,7.5,32,32,1024,16,65536,65536,255,1024,64,0,1,0,0,0,1,0,0,0,0,0,0,0,0,0,0,0,0,0,0,0,0,0,0,0,0,0,0,0,0,0,0,0,0,0,0,0,0,0,0,0,0,0,3729560
exxact_wilson_dslash_collapse1_guided,1,0,0,0,Clang,Exxact,2,10,2,2400,640,640,20480,28160,NVIDIA GeForce RTX 2080,32,7000,448,7982,2100,2944,7.5,32,32,1024,16,65536,65536,255,1024,64,1,0,0,0,0,0,1,0,1,4294967292,2147483647,0,0,0,2147483646,0,0,0,0,0,2147483646,0,0,0,0,0,0.000000,9.632960,9.331930,0,0,0,9.331930,0,0,0,0,0,9.331930,0,0,0,0,52521914
exxact_wilson_dslash_collapse2_guided,1,0,0,0,Clang,Exxact,2,10,2,2400,640,640,20480,28160,NVIDIA GeForce RTX 2080,32,7000,448,7982,2100,2944,7.5,32,32,1024,16,65536,65536,255,1024,64,0,1,0,0,0,0,1,0,0,0,0,0,0,0,0,0,0,0,0,0,0,0,0,0,0,0,0,0,0,0,0,0,0,0,0,0,0,0,0,0,0,0,0,3717653
exxact_dwf_dslash_4,1,0,0,0,Clang,Exxact,2,10,2,2400,640,640,20480,28160,NVIDIA GeForce RTX 2080,32,7000,448,7982,2100,2944,7.5,32,32,1024,16,65536,65536,255,1024,64,1,0,0,0,1,0,0,0,0,1,0,0,0,0,0,0,0,0,0,0,0,0,0,0,0,0,0,0.000000,0,0,0,0,0,0,0,0,0,0,0,0,0,0,0,3037810
exxact_wilson_dslash_collapse1_static,1,0,0,0,Clang,Exxact,2,10,2,2400,640,640,20480,28160,NVIDIA GeForce RTX 2080,32,7000,448,7982,2100,2944,7.5,32,32,1024,16,65536,65536,255,1024,64,1,0,0,0,1,0,0,0,1,4294967292,2147483647,0,0,0,2147483646,0,0,0,0,0,2147483646,0,0,0,0,0,0.000000,9.632960,9.331930,0,0,0,9.331930,0,0,0,0,0,9.331930,0,0,0,0,2225573
exxact_wilson_dslash_collapse2_static,1,0,0,0,Clang,Exxact,2,10,2,2400,640,640,20480,28160,NVIDIA GeForce RTX 2080,32,7000,448,7982,2100,2944,7.5,32,32,1024,16,65536,65536,255,1024,64,0,1,0,0,1,0,0,0,0,0,0,0,0,0,0,0,0,0,0,0,0,0,0,0,0,0,0,0,0,0,0,0,0,0,0,0,0,0,0,0,0,0,0,746490
exxact_wilson_dslash_collapse1_dynamic,1,0,0,0,Clang,Exxact,2,10,2,2400,640,640,20480,28160,NVIDIA GeForce RTX 2080,32,7000,448,7982,2100,2944,7.5,32,32,1024,16,65536,65536,255,1024,64,1,0,0,0,0,1,0,0,1,4294967292,2147483647,0,0,0,2147483646,0,0,0,0,0,2147483646,0,0,0,0,0,0.000000,9.632960,9.331930,0,0,0,9.331930,0,0,0,0,0,9.331930,0,0,0,0,17508696
exxact_wilson_dslash_collapse2_dynamic,1,0,0,0,Clang,Exxact,2,10,2,2400,640,640,20480,28160,NVIDIA GeForce RTX 2080,32,7000,448,7982,2100,2944,7.5,32,32,1024,16,65536,65536,255,1024,64,0,1,0,0,0,1,0,0,0,0,0,0,0,0,0,0,0,0,0,0,0,0,0,0,0,0,0,0,0,0,0,0,0,0,0,0,0,0,0,0,0,0,0,2273153
exxact_wilson_dslash_collapse1_guided,1,0,0,0,Clang,Exxact,2,10,2,2400,640,640,20480,28160,NVIDIA GeForce RTX 2080,32,7000,448,7982,2100,2944,7.5,32,32,1024,16,65536,65536,255,1024,64,1,0,0,0,0,0,1,0,1,4294967292,2147483647,0,0,0,2147483646,0,0,0,0,0,2147483646,0,0,0,0,0,0.000000,9.632960,9.331930,0,0,0,9.331930,0,0,0,0,0,9.331930,0,0,0,0,17457498
exxact_wilson_dslash_collapse2_guided,1,0,0,0,Clang,Exxact,2,10,2,2400,640,640,20480,28160,NVIDIA GeForce RTX 2080,32,7000,448,7982,2100,2944,7.5,32,32,1024,16,65536,65536,255,1024,64,0,1,0,0,0,0,1,0,0,0,0,0,0,0,0,0,0,0,0,0,0,0,0,0,0,0,0,0,0,0,0,0,0,0,0,0,0,0,0,0,0,0,0,2221836
exxact_dwf_dslash_4,1,0,0,0,Clang,Exxact,2,10,2,2400,640,640,20480,28160,NVIDIA GeForce RTX 2080,32,7000,448,7982,2100,2944,7.5,32,32,1024,16,65536,65536,255,1024,64,1,0,0,0,1,0,0,0,0,1,0,0,0,0,0,0,0,0,0,0,0,0,0,0,0,0,0,0.000000,0,0,0,0,0,0,0,0,0,0,0,0,0,0,0,2225573
exxact_wilson_dslash_collapse1_static,1,0,0,0,Clang,Exxact,2,10,2,2400,640,640,20480,28160,NVIDIA GeForce RTX 2080,32,7000,448,7982,2100,2944,7.5,32,32,1024,16,65536,65536,255,1024,64,1,0,0,0,1,0,0,0,1,4294967292,2147483647,0,0,0,2147483646,0,0,0,0,0,2147483646,0,0,0,0,0,0.000000,9.632960,9.331930,0,0,0,9.331930,0,0,0,0,0,9.331930,0,0,0,0,3587666
exxact_wilson_dslash_collapse2_static,1,0,0,0,Clang,Exxact,2,10,2,2400,640,640,20480,28160,NVIDIA GeForce RTX 2080,32,7000,448,7982,2100,2944,7.5,32,32,1024,16,65536,65536,255,1024,64,0,1,0,0,1,0,0,0,0,0,0,0,0,0,0,0,0,0,0,0,0,0,0,0,0,0,0,0,0,0,0,0,0,0,0,0,0,0,0,0,0,0,0,1404567
exxact_wilson_dslash_collapse1_dynamic,1,0,0,0,Clang,Exxact,2,10,2,2400,640,640,20480,28160,NVIDIA GeForce RTX 2080,32,7000,448,7982,2100,2944,7.5,32,32,1024,16,65536,65536,255,1024,64,1,0,0,0,0,1,0,0,1,4294967292,2147483647,0,0,0,2147483646,0,0,0,0,0,2147483646,0,0,0,0,0,0.000000,9.632960,9.331930,0,0,0,9.331930,0,0,0,0,0,9.331930,0,0,0,0,52243654
exxact_wilson_dslash_collapse2_dynamic,1,0,0,0,Clang,Exxact,2,10,2,2400,640,640,20480,28160,NVIDIA GeForce RTX 2080,32,7000,448,7982,2100,2944,7.5,32,32,1024,16,65536,65536,255,1024,64,0,1,0,0,0,1,0,0,0,0,0,0,0,0,0,0,0,0,0,0,0,0,0,0,0,0,0,0,0,0,0,0,0,0,0,0,0,0,0,0,0,0,0,3765297
exxact_wilson_dslash_collapse1_guided,1,0,0,0,Clang,Exxact,2,10,2,2400,640,640,20480,28160,NVIDIA GeForce RTX 2080,32,7000,448,7982,2100,2944,7.5,32,32,1024,16,65536,65536,255,1024,64,1,0,0,0,0,0,1,0,1,4294967292,2147483647,0,0,0,2147483646,0,0,0,0,0,2147483646,0,0,0,0,0,0.000000,9.632960,9.331930,0,0,0,9.331930,0,0,0,0,0,9.331930,0,0,0,0,52531333
exxact_wilson_dslash_collapse2_guided,1,0,0,0,Clang,Exxact,2,10,2,2400,640,640,20480,28160,NVIDIA GeForce RTX 2080,32,7000,448,7982,2100,2944,7.5,32,32,1024,16,65536,65536,255,1024,64,0,1,0,0,0,0,1,0,0,0,0,0,0,0,0,0,0,0,0,0,0,0,0,0,0,0,0,0,0,0,0,0,0,0,0,0,0,0,0,0,0,0,0,3593340
exxact_dwf_dslash_4,1,0,0,0,Clang,Exxact,2,10,2,2400,640,640,20480,28160,NVIDIA GeForce RTX 2080,32,7000,448,7982,2100,2944,7.5,32,32,1024,16,65536,65536,255,1024,64,1,0,0,0,1,0,0,0,0,1,0,0,0,0,0,0,0,0,0,0,0,0,0,0,0,0,0,0.000000,0,0,0,0,0,0,0,0,0,0,0,0,0,0,0,3587666
exxact_wilson_dslash_collapse1_static,1,0,0,0,Clang,Exxact,2,10,2,2400,640,640,20480,28160,NVIDIA GeForce RTX 2080,32,7000,448,7982,2100,2944,7.5,32,32,1024,16,65536,65536,255,1024,64,1,0,0,0,1,0,0,0,1,4294967292,2147483647,0,0,0,2147483646,0,0,0,0,0,2147483646,0,0,0,0,0,0.000000,9.632960,9.331930,0,0,0,9.331930,0,0,0,0,0,9.331930,0,0,0,0,708461
exxact_wilson_dslash_collapse2_static,1,0,0,0,Clang,Exxact,2,10,2,2400,640,640,20480,28160,NVIDIA GeForce RTX 2080,32,7000,448,7982,2100,2944,7.5,32,32,1024,16,65536,65536,255,1024,64,0,1,0,0,1,0,0,0,0,0,0,0,0,0,0,0,0,0,0,0,0,0,0,0,0,0,0,0,0,0,0,0,0,0,0,0,0,0,0,0,0,0,0,833143
exxact_wilson_dslash_collapse1_dynamic,1,0,0,0,Clang,Exxact,2,10,2,2400,640,640,20480,28160,NVIDIA GeForce RTX 2080,32,7000,448,7982,2100,2944,7.5,32,32,1024,16,65536,65536,255,1024,64,1,0,0,0,0,1,0,0,1,4294967292,2147483647,0,0,0,2147483646,0,0,0,0,0,2147483646,0,0,0,0,0,0.000000,9.632960,9.331930,0,0,0,9.331930,0,0,0,0,0,9.331930,0,0,0,0,5760428
exxact_wilson_dslash_collapse2_dynamic,1,0,0,0,Clang,Exxact,2,10,2,2400,640,640,20480,28160,NVIDIA GeForce RTX 2080,32,7000,448,7982,2100,2944,7.5,32,32,1024,16,65536,65536,255,1024,64,0,1,0,0,0,1,0,0,0,0,0,0,0,0,0,0,0,0,0,0,0,0,0,0,0,0,0,0,0,0,0,0,0,0,0,0,0,0,0,0,0,0,0,3213358
exxact_wilson_dslash_collapse1_guided,1,0,0,0,Clang,Exxact,2,10,2,2400,640,640,20480,28160,NVIDIA GeForce RTX 2080,32,7000,448,7982,2100,2944,7.5,32,32,1024,16,65536,65536,255,1024,64,1,0,0,0,0,0,1,0,1,4294967292,2147483647,0,0,0,2147483646,0,0,0,0,0,2147483646,0,0,0,0,0,0.000000,9.632960,9.331930,0,0,0,9.331930,0,0,0,0,0,9.331930,0,0,0,0,5750551
exxact_wilson_dslash_collapse2_guided,1,0,0,0,Clang,Exxact,2,10,2,2400,640,640,20480,28160,NVIDIA GeForce RTX 2080,32,7000,448,7982,2100,2944,7.5,32,32,1024,16,65536,65536,255,1024,64,0,1,0,0,0,0,1,0,0,0,0,0,0,0,0,0,0,0,0,0,0,0,0,0,0,0,0,0,0,0,0,0,0,0,0,0,0,0,0,0,0,0,0,3236663
exxact_dwf_dslash_4,1,0,0,0,Clang,Exxact,2,10,2,2400,640,640,20480,28160,NVIDIA GeForce RTX 2080,32,7000,448,7982,2100,2944,7.5,32,32,1024,16,65536,65536,255,1024,64,1,0,0,0,1,0,0,0,0,1,0,0,0,0,0,0,0,0,0,0,0,0,0,0,0,0,0,0.000000,0,0,0,0,0,0,0,0,0,0,0,0,0,0,0,708461
exxact_wilson_dslash_collapse1_static,1,0,0,0,Clang,Exxact,2,10,2,2400,640,640,20480,28160,NVIDIA GeForce RTX 2080,32,7000,448,7982,2100,2944,7.5,32,32,1024,16,65536,65536,255,1024,64,1,0,0,0,1,0,0,0,1,4294967292,2147483647,0,0,0,2147483646,0,0,0,0,0,2147483646,0,0,0,0,0,0.000000,9.632960,9.331930,0,0,0,9.331930,0,0,0,0,0,9.331930,0,0,0,0,1325745
exxact_wilson_dslash_collapse2_static,1,0,0,0,Clang,Exxact,2,10,2,2400,640,640,20480,28160,NVIDIA GeForce RTX 2080,32,7000,448,7982,2100,2944,7.5,32,32,1024,16,65536,65536,255,1024,64,0,1,0,0,1,0,0,0,0,0,0,0,0,0,0,0,0,0,0,0,0,0,0,0,0,0,0,0,0,0,0,0,0,0,0,0,0,0,0,0,0,0,0,670134
exxact_wilson_dslash_collapse1_dynamic,1,0,0,0,Clang,Exxact,2,10,2,2400,640,640,20480,28160,NVIDIA GeForce RTX 2080,32,7000,448,7982,2100,2944,7.5,32,32,1024,16,65536,65536,255,1024,64,1,0,0,0,0,1,0,0,1,4294967292,2147483647,0,0,0,2147483646,0,0,0,0,0,2147483646,0,0,0,0,0,0.000000,9.632960,9.331930,0,0,0,9.331930,0,0,0,0,0,9.331930,0,0,0,0,17279517
exxact_wilson_dslash_collapse2_dynamic,1,0,0,0,Clang,Exxact,2,10,2,2400,640,640,20480,28160,NVIDIA GeForce RTX 2080,32,7000,448,7982,2100,2944,7.5,32,32,1024,16,65536,65536,255,1024,64,0,1,0,0,0,1,0,0,0,0,0,0,0,0,0,0,0,0,0,0,0,0,0,0,0,0,0,0,0,0,0,0,0,0,0,0,0,0,0,0,0,0,0,3690468
exxact_wilson_dslash_collapse1_guided,1,0,0,0,Clang,Exxact,2,10,2,2400,640,640,20480,28160,NVIDIA GeForce RTX 2080,32,7000,448,7982,2100,2944,7.5,32,32,1024,16,65536,65536,255,1024,64,1,0,0,0,0,0,1,0,1,4294967292,2147483647,0,0,0,2147483646,0,0,0,0,0,2147483646,0,0,0,0,0,0.000000,9.632960,9.331930,0,0,0,9.331930,0,0,0,0,0,9.331930,0,0,0,0,17675816
exxact_wilson_dslash_collapse2_guided,1,0,0,0,Clang,Exxact,2,10,2,2400,640,640,20480,28160,NVIDIA GeForce RTX 2080,32,7000,448,7982,2100,2944,7.5,32,32,1024,16,65536,65536,255,1024,64,0,1,0,0,0,0,1,0,0,0,0,0,0,0,0,0,0,0,0,0,0,0,0,0,0,0,0,0,0,0,0,0,0,0,0,0,0,0,0,0,0,0,0,3742307
exxact_dwf_dslash_4,1,0,0,0,Clang,Exxact,2,10,2,2400,640,640,20480,28160,NVIDIA GeForce RTX 2080,32,7000,448,7982,2100,2944,7.5,32,32,1024,16,65536,65536,255,1024,64,1,0,0,0,1,0,0,0,0,1,0,0,0,0,0,0,0,0,0,0,0,0,0,0,0,0,0,0.000000,0,0,0,0,0,0,0,0,0,0,0,0,0,0,0,1325745
exxact_wilson_dslash_collapse1_static,1,0,0,0,Clang,Exxact,2,10,2,2400,640,640,20480,28160,NVIDIA GeForce RTX 2080,32,7000,448,7982,2100,2944,7.5,32,32,1024,16,65536,65536,255,1024,64,1,0,0,0,1,0,0,0,1,4294967292,2147483647,0,0,0,2147483646,0,0,0,0,0,2147483646,0,0,0,0,0,0.000000,9.632960,9.331930,0,0,0,9.331930,0,0,0,0,0,9.331930,0,0,0,0,1993588
exxact_wilson_dslash_collapse2_static,1,0,0,0,Clang,Exxact,2,10,2,2400,640,640,20480,28160,NVIDIA GeForce RTX 2080,32,7000,448,7982,2100,2944,7.5,32,32,1024,16,65536,65536,255,1024,64,0,1,0,0,1,0,0,0,0,0,0,0,0,0,0,0,0,0,0,0,0,0,0,0,0,0,0,0,0,0,0,0,0,0,0,0,0,0,0,0,0,0,0,972419
exxact_wilson_dslash_collapse1_dynamic,1,0,0,0,Clang,Exxact,2,10,2,2400,640,640,20480,28160,NVIDIA GeForce RTX 2080,32,7000,448,7982,2100,2944,7.5,32,32,1024,16,65536,65536,255,1024,64,1,0,0,0,0,1,0,0,1,4294967292,2147483647,0,0,0,2147483646,0,0,0,0,0,2147483646,0,0,0,0,0,0.000000,9.632960,9.331930,0,0,0,9.331930,0,0,0,0,0,9.331930,0,0,0,0,35052092
exxact_wilson_dslash_collapse2_dynamic,1,0,0,0,Clang,Exxact,2,10,2,2400,640,640,20480,28160,NVIDIA GeForce RTX 2080,32,7000,448,7982,2100,2944,7.5,32,32,1024,16,65536,65536,255,1024,64,0,1,0,0,0,1,0,0,0,0,0,0,0,0,0,0,0,0,0,0,0,0,0,0,0,0,0,0,0,0,0,0,0,0,0,0,0,0,0,0,0,0,0,4562776
exxact_wilson_dslash_collapse1_guided,1,0,0,0,Clang,Exxact,2,10,2,2400,640,640,20480,28160,NVIDIA GeForce RTX 2080,32,7000,448,7982,2100,2944,7.5,32,32,1024,16,65536,65536,255,1024,64,1,0,0,0,0,0,1,0,1,4294967292,2147483647,0,0,0,2147483646,0,0,0,0,0,2147483646,0,0,0,0,0,0.000000,9.632960,9.331930,0,0,0,9.331930,0,0,0,0,0,9.331930,0,0,0,0,35292691
exxact_wilson_dslash_collapse2_guided,1,0,0,0,Clang,Exxact,2,10,2,2400,640,640,20480,28160,NVIDIA GeForce RTX 2080,32,7000,448,7982,2100,2944,7.5,32,32,1024,16,65536,65536,255,1024,64,0,1,0,0,0,0,1,0,0,0,0,0,0,0,0,0,0,0,0,0,0,0,0,0,0,0,0,0,0,0,0,0,0,0,0,0,0,0,0,0,0,0,0,4402916
exxact_dwf_dslash_4,1,0,0,0,Clang,Exxact,2,10,2,2400,640,640,20480,28160,NVIDIA GeForce RTX 2080,32,7000,448,7982,2100,2944,7.5,32,32,1024,16,65536,65536,255,1024,64,1,0,0,0,1,0,0,0,0,1,0,0,0,0,0,0,0,0,0,0,0,0,0,0,0,0,0,0.000000,0,0,0,0,0,0,0,0,0,0,0,0,0,0,0,1993588
exxact_wilson_dslash_collapse1_static,1,0,0,0,Clang,Exxact,2,10,2,2400,640,640,20480,28160,NVIDIA GeForce RTX 2080,32,7000,448,7982,2100,2944,7.5,32,32,1024,16,65536,65536,255,1024,64,1,0,0,0,1,0,0,0,1,4294967292,2147483647,0,0,0,2147483646,0,0,0,0,0,2147483646,0,0,0,0,0,0.000000,9.632960,9.331930,0,0,0,9.331930,0,0,0,0,0,9.331930,0,0,0,0,2378996
exxact_wilson_dslash_collapse2_static,1,0,0,0,Clang,Exxact,2,10,2,2400,640,640,20480,28160,NVIDIA GeForce RTX 2080,32,7000,448,7982,2100,2944,7.5,32,32,1024,16,65536,65536,255,1024,64,0,1,0,0,1,0,0,0,0,0,0,0,0,0,0,0,0,0,0,0,0,0,0,0,0,0,0,0,0,0,0,0,0,0,0,0,0,0,0,0,0,0,0,642178
exxact_wilson_dslash_collapse1_dynamic,1,0,0,0,Clang,Exxact,2,10,2,2400,640,640,20480,28160,NVIDIA GeForce RTX 2080,32,7000,448,7982,2100,2944,7.5,32,32,1024,16,65536,65536,255,1024,64,1,0,0,0,0,1,0,0,1,4294967292,2147483647,0,0,0,2147483646,0,0,0,0,0,2147483646,0,0,0,0,0,0.000000,9.632960,9.331930,0,0,0,9.331930,0,0,0,0,0,9.331930,0,0,0,0,17497499
exxact_wilson_dslash_collapse2_dynamic,1,0,0,0,Clang,Exxact,2,10,2,2400,640,640,20480,28160,NVIDIA GeForce RTX 2080,32,7000,448,7982,2100,2944,7.5,32,32,1024,16,65536,65536,255,1024,64,0,1,0,0,0,1,0,0,0,0,0,0,0,0,0,0,0,0,0,0,0,0,0,0,0,0,0,0,0,0,0,0,0,0,0,0,0,0,0,0,0,0,0,3770701
exxact_wilson_dslash_collapse1_guided,1,0,0,0,Clang,Exxact,2,10,2,2400,640,640,20480,28160,NVIDIA GeForce RTX 2080,32,7000,448,7982,2100,2944,7.5,32,32,1024,16,65536,65536,255,1024,64,1,0,0,0,0,0,1,0,1,4294967292,2147483647,0,0,0,2147483646,0,0,0,0,0,2147483646,0,0,0,0,0,0.000000,9.632960,9.331930,0,0,0,9.331930,0,0,0,0,0,9.331930,0,0,0,0,17450082
exxact_wilson_dslash_collapse2_guided,1,0,0,0,Clang,Exxact,2,10,2,2400,640,640,20480,28160,NVIDIA GeForce RTX 2080,32,7000,448,7982,2100,2944,7.5,32,32,1024,16,65536,65536,255,1024,64,0,1,0,0,0,0,1,0,0,0,0,0,0,0,0,0,0,0,0,0,0,0,0,0,0,0,0,0,0,0,0,0,0,0,0,0,0,0,0,0,0,0,0,3899786
exxact_dwf_dslash_4,1,0,0,0,Clang,Exxact,2,10,2,2400,640,640,20480,28160,NVIDIA GeForce RTX 2080,32,7000,448,7982,2100,2944,7.5,32,32,1024,16,65536,65536,255,1024,64,1,0,0,0,1,0,0,0,0,1,0,0,0,0,0,0,0,0,0,0,0,0,0,0,0,0,0,0.000000,0,0,0,0,0,0,0,0,0,0,0,0,0,0,0,2378996
exxact_wilson_dslash_collapse1_static,1,0,0,0,Clang,Exxact,2,10,2,2400,640,640,20480,28160,NVIDIA GeForce RTX 2080,32,7000,448,7982,2100,2944,7.5,32,32,1024,16,65536,65536,255,1024,64,1,0,0,0,1,0,0,0,1,4294967292,2147483647,0,0,0,2147483646,0,0,0,0,0,2147483646,0,0,0,0,0,0.000000,9.632960,9.331930,0,0,0,9.331930,0,0,0,0,0,9.331930,0,0,0,0,3535698
exxact_wilson_dslash_collapse2_static,1,0,0,0,Clang,Exxact,2,10,2,2400,640,640,20480,28160,NVIDIA GeForce RTX 2080,32,7000,448,7982,2100,2944,7.5,32,32,1024,16,65536,65536,255,1024,64,0,1,0,0,1,0,0,0,0,0,0,0,0,0,0,0,0,0,0,0,0,0,0,0,0,0,0,0,0,0,0,0,0,0,0,0,0,0,0,0,0,0,0,1435534
exxact_wilson_dslash_collapse1_dynamic,1,0,0,0,Clang,Exxact,2,10,2,2400,640,640,20480,28160,NVIDIA GeForce RTX 2080,32,7000,448,7982,2100,2944,7.5,32,32,1024,16,65536,65536,255,1024,64,1,0,0,0,0,1,0,0,1,4294967292,2147483647,0,0,0,2147483646,0,0,0,0,0,2147483646,0,0,0,0,0,0.000000,9.632960,9.331930,0,0,0,9.331930,0,0,0,0,0,9.331930,0,0,0,0,52504770
exxact_wilson_dslash_collapse2_dynamic,1,0,0,0,Clang,Exxact,2,10,2,2400,640,640,20480,28160,NVIDIA GeForce RTX 2080,32,7000,448,7982,2100,2944,7.5,32,32,1024,16,65536,65536,255,1024,64,0,1,0,0,0,1,0,0,0,0,0,0,0,0,0,0,0,0,0,0,0,0,0,0,0,0,0,0,0,0,0,0,0,0,0,0,0,0,0,0,0,0,0,5138721
exxact_wilson_dslash_collapse1_guided,1,0,0,0,Clang,Exxact,2,10,2,2400,640,640,20480,28160,NVIDIA GeForce RTX 2080,32,7000,448,7982,2100,2944,7.5,32,32,1024,16,65536,65536,255,1024,64,1,0,0,0,0,0,1,0,1,4294967292,2147483647,0,0,0,2147483646,0,0,0,0,0,2147483646,0,0,0,0,0,0.000000,9.632960,9.331930,0,0,0,9.331930,0,0,0,0,0,9.331930,0,0,0,0,52450375
exxact_wilson_dslash_collapse2_guided,1,0,0,0,Clang,Exxact,2,10,2,2400,640,640,20480,28160,NVIDIA GeForce RTX 2080,32,7000,448,7982,2100,2944,7.5,32,32,1024,16,65536,65536,255,1024,64,0,1,0,0,0,0,1,0,0,0,0,0,0,0,0,0,0,0,0,0,0,0,0,0,0,0,0,0,0,0,0,0,0,0,0,0,0,0,0,0,0,0,0,4918824
exxact_dwf_dslash_4,1,0,0,0,Clang,Exxact,2,10,2,2400,640,640,20480,28160,NVIDIA GeForce RTX 2080,32,7000,448,7982,2100,2944,7.5,32,32,1024,16,65536,65536,255,1024,64,1,0,0,0,1,0,0,0,0,1,0,0,0,0,0,0,0,0,0,0,0,0,0,0,0,0,0,0.000000,0,0,0,0,0,0,0,0,0,0,0,0,0,0,0,3535698
exxact_wilson_dslash_collapse1_static,1,0,0,0,Clang,Exxact,2,10,2,2400,640,640,20480,28160,NVIDIA GeForce RTX 2080,32,7000,448,7982,2100,2944,7.5,32,32,1024,16,65536,65536,255,1024,64,1,0,0,0,1,0,0,0,1,4294967292,2147483647,0,0,0,2147483646,0,0,0,0,0,2147483646,0,0,0,0,0,0.000000,9.632960,9.331930,0,0,0,9.331930,0,0,0,0,0,9.331930,0,0,0,0,4260937
exxact_wilson_dslash_collapse2_static,1,0,0,0,Clang,Exxact,2,10,2,2400,640,640,20480,28160,NVIDIA GeForce RTX 2080,32,7000,448,7982,2100,2944,7.5,32,32,1024,16,65536,65536,255,1024,64,0,1,0,0,1,0,0,0,0,0,0,0,0,0,0,0,0,0,0,0,0,0,0,0,0,0,0,0,0,0,0,0,0,0,0,0,0,0,0,0,0,0,0,1183650
exxact_wilson_dslash_collapse1_dynamic,1,0,0,0,Clang,Exxact,2,10,2,2400,640,640,20480,28160,NVIDIA GeForce RTX 2080,32,7000,448,7982,2100,2944,7.5,32,32,1024,16,65536,65536,255,1024,64,1,0,0,0,0,1,0,0,1,4294967292,2147483647,0,0,0,2147483646,0,0,0,0,0,2147483646,0,0,0,0,0,0.000000,9.632960,9.331930,0,0,0,9.331930,0,0,0,0,0,9.331930,0,0,0,0,35022705
exxact_wilson_dslash_collapse2_dynamic,1,0,0,0,Clang,Exxact,2,10,2,2400,640,640,20480,28160,NVIDIA GeForce RTX 2080,32,7000,448,7982,2100,2944,7.5,32,32,1024,16,65536,65536,255,1024,64,0,1,0,0,0,1,0,0,0,0,0,0,0,0,0,0,0,0,0,0,0,0,0,0,0,0,0,0,0,0,0,0,0,0,0,0,0,0,0,0,0,0,0,4456933
exxact_wilson_dslash_collapse1_guided,1,0,0,0,Clang,Exxact,2,10,2,2400,640,640,20480,28160,NVIDIA GeForce RTX 2080,32,7000,448,7982,2100,2944,7.5,32,32,1024,16,65536,65536,255,1024,64,1,0,0,0,0,0,1,0,1,4294967292,2147483647,0,0,0,2147483646,0,0,0,0,0,2147483646,0,0,0,0,0,0.000000,9.632960,9.331930,0,0,0,9.331930,0,0,0,0,0,9.331930,0,0,0,0,34926853
exxact_wilson_dslash_collapse2_guided,1,0,0,0,Clang,Exxact,2,10,2,2400,640,640,20480,28160,NVIDIA GeForce RTX 2080,32,7000,448,7982,2100,2944,7.5,32,32,1024,16,65536,65536,255,1024,64,0,1,0,0,0,0,1,0,0,0,0,0,0,0,0,0,0,0,0,0,0,0,0,0,0,0,0,0,0,0,0,0,0,0,0,0,0,0,0,0,0,0,0,4383030
exxact_dwf_dslash_4,1,0,0,0,Clang,Exxact,2,10,2,2400,640,640,20480,28160,NVIDIA GeForce RTX 2080,32,7000,448,7982,2100,2944,7.5,32,32,1024,16,65536,65536,255,1024,64,1,0,0,0,1,0,0,0,0,1,0,0,0,0,0,0,0,0,0,0,0,0,0,0,0,0,0,0.000000,0,0,0,0,0,0,0,0,0,0,0,0,0,0,0,4260937
exxact_wilson_dslash_collapse1_static,1,0,0,0,Clang,Exxact,2,10,2,2400,640,640,20480,28160,NVIDIA GeForce RTX 2080,32,7000,448,7982,2100,2944,7.5,32,32,1024,16,65536,65536,255,1024,64,1,0,0,0,1,0,0,0,1,4294967292,2147483647,0,0,0,2147483646,0,0,0,0,0,2147483646,0,0,0,0,0,0.000000,9.632960,9.331930,0,0,0,9.331930,0,0,0,0,0,9.331930,0,0,0,0,274970
exxact_wilson_dslash_collapse2_static,1,0,0,0,Clang,Exxact,2,10,2,2400,640,640,20480,28160,NVIDIA GeForce RTX 2080,32,7000,448,7982,2100,2944,7.5,32,32,1024,16,65536,65536,255,1024,64,0,1,0,0,1,0,0,0,0,0,0,0,0,0,0,0,0,0,0,0,0,0,0,0,0,0,0,0,0,0,0,0,0,0,0,0,0,0,0,0,0,0,0,79919
exxact_wilson_dslash_collapse1_dynamic,1,0,0,0,Clang,Exxact,2,10,2,2400,640,640,20480,28160,NVIDIA GeForce RTX 2080,32,7000,448,7982,2100,2944,7.5,32,32,1024,16,65536,65536,255,1024,64,1,0,0,0,0,1,0,0,1,4294967292,2147483647,0,0,0,2147483646,0,0,0,0,0,2147483646,0,0,0,0,0,0.000000,9.632960,9.331930,0,0,0,9.331930,0,0,0,0,0,9.331930,0,0,0,0,1934652
exxact_wilson_dslash_collapse2_dynamic,1,0,0,0,Clang,Exxact,2,10,2,2400,640,640,20480,28160,NVIDIA GeForce RTX 2080,32,7000,448,7982,2100,2944,7.5,32,32,1024,16,65536,65536,255,1024,64,0,1,0,0,0,1,0,0,0,0,0,0,0,0,0,0,0,0,0,0,0,0,0,0,0,0,0,0,0,0,0,0,0,0,0,0,0,0,0,0,0,0,0,1060689
exxact_wilson_dslash_collapse1_guided,1,0,0,0,Clang,Exxact,2,10,2,2400,640,640,20480,28160,NVIDIA GeForce RTX 2080,32,7000,448,7982,2100,2944,7.5,32,32,1024,16,65536,65536,255,1024,64,1,0,0,0,0,0,1,0,1,4294967292,2147483647,0,0,0,2147483646,0,0,0,0,0,2147483646,0,0,0,0,0,0.000000,9.632960,9.331930,0,0,0,9.331930,0,0,0,0,0,9.331930,0,0,0,0,1929585
exxact_wilson_dslash_collapse2_guided,1,0,0,0,Clang,Exxact,2,10,2,2400,640,640,20480,28160,NVIDIA GeForce RTX 2080,32,7000,448,7982,2100,2944,7.5,32,32,1024,16,65536,65536,255,1024,64,0,1,0,0,0,0,1,0,0,0,0,0,0,0,0,0,0,0,0,0,0,0,0,0,0,0,0,0,0,0,0,0,0,0,0,0,0,0,0,0,0,0,0,1005586
exxact_dwf_dslash_4,1,0,0,0,Clang,Exxact,2,10,2,2400,640,640,20480,28160,NVIDIA GeForce RTX 2080,32,7000,448,7982,2100,2944,7.5,32,32,1024,16,65536,65536,255,1024,64,1,0,0,0,1,0,0,0,0,1,0,0,0,0,0,0,0,0,0,0,0,0,0,0,0,0,0,0.000000,0,0,0,0,0,0,0,0,0,0,0,0,0,0,0,274970
exxact_wilson_dslash_collapse1_static,1,0,0,0,Clang,Exxact,2,10,2,2400,640,640,20480,28160,NVIDIA GeForce RTX 2080,32,7000,448,7982,2100,2944,7.5,32,32,1024,16,65536,65536,255,1024,64,1,0,0,0,1,0,0,0,1,4294967292,2147483647,0,0,0,2147483646,0,0,0,0,0,2147483646,0,0,0,0,0,0.000000,9.632960,9.331930,0,0,0,9.331930,0,0,0,0,0,9.331930,0,0,0,0,389132
exxact_wilson_dslash_collapse2_static,1,0,0,0,Clang,Exxact,2,10,2,2400,640,640,20480,28160,NVIDIA GeForce RTX 2080,32,7000,448,7982,2100,2944,7.5,32,32,1024,16,65536,65536,255,1024,64,0,1,0,0,1,0,0,0,0,0,0,0,0,0,0,0,0,0,0,0,0,0,0,0,0,0,0,0,0,0,0,0,0,0,0,0,0,0,0,0,0,0,0,143703
exxact_wilson_dslash_collapse1_dynamic,1,0,0,0,Clang,Exxact,2,10,2,2400,640,640,20480,28160,NVIDIA GeForce RTX 2080,32,7000,448,7982,2100,2944,7.5,32,32,1024,16,65536,65536,255,1024,64,1,0,0,0,0,1,0,0,1,4294967292,2147483647,0,0,0,2147483646,0,0,0,0,0,2147483646,0,0,0,0,0,0.000000,9.632960,9.331930,0,0,0,9.331930,0,0,0,0,0,9.331930,0,0,0,0,5753761
exxact_wilson_dslash_collapse2_dynamic,1,0,0,0,Clang,Exxact,2,10,2,2400,640,640,20480,28160,NVIDIA GeForce RTX 2080,32,7000,448,7982,2100,2944,7.5,32,32,1024,16,65536,65536,255,1024,64,0,1,0,0,0,1,0,0,0,0,0,0,0,0,0,0,0,0,0,0,0,0,0,0,0,0,0,0,0,0,0,0,0,0,0,0,0,0,0,0,0,0,0,1232085
exxact_wilson_dslash_collapse1_guided,1,0,0,0,Clang,Exxact,2,10,2,2400,640,640,20480,28160,NVIDIA GeForce RTX 2080,32,7000,448,7982,2100,2944,7.5,32,32,1024,16,65536,65536,255,1024,64,1,0,0,0,0,0,1,0,1,4294967292,2147483647,0,0,0,2147483646,0,0,0,0,0,2147483646,0,0,0,0,0,0.000000,9.632960,9.331930,0,0,0,9.331930,0,0,0,0,0,9.331930,0,0,0,0,5753117
exxact_wilson_dslash_collapse2_guided,1,0,0,0,Clang,Exxact,2,10,2,2400,640,640,20480,28160,NVIDIA GeForce RTX 2080,32,7000,448,7982,2100,2944,7.5,32,32,1024,16,65536,65536,255,1024,64,0,1,0,0,0,0,1,0,0,0,0,0,0,0,0,0,0,0,0,0,0,0,0,0,0,0,0,0,0,0,0,0,0,0,0,0,0,0,0,0,0,0,0,1233915
exxact_dwf_dslash_4,1,0,0,0,Clang,Exxact,2,10,2,2400,640,640,20480,28160,NVIDIA GeForce RTX 2080,32,7000,448,7982,2100,2944,7.5,32,32,1024,16,65536,65536,255,1024,64,1,0,0,0,1,0,0,0,0,1,0,0,0,0,0,0,0,0,0,0,0,0,0,0,0,0,0,0.000000,0,0,0,0,0,0,0,0,0,0,0,0,0,0,0,389132
exxact_wilson_dslash_collapse1_static,1,0,0,0,Clang,Exxact,2,10,2,2400,640,640,20480,28160,NVIDIA GeForce RTX 2080,32,7000,448,7982,2100,2944,7.5,32,32,1024,16,65536,65536,255,1024,64,1,0,0,0,1,0,0,0,1,4294967292,2147483647,0,0,0,2147483646,0,0,0,0,0,2147483646,0,0,0,0,0,0.000000,9.632960,9.331930,0,0,0,9.331930,0,0,0,0,0,9.331930,0,0,0,0,707347
exxact_wilson_dslash_collapse2_static,1,0,0,0,Clang,Exxact,2,10,2,2400,640,640,20480,28160,NVIDIA GeForce RTX 2080,32,7000,448,7982,2100,2944,7.5,32,32,1024,16,65536,65536,255,1024,64,0,1,0,0,1,0,0,0,0,0,0,0,0,0,0,0,0,0,0,0,0,0,0,0,0,0,0,0,0,0,0,0,0,0,0,0,0,0,0,0,0,0,0,573659
exxact_wilson_dslash_collapse1_dynamic,1,0,0,0,Clang,Exxact,2,10,2,2400,640,640,20480,28160,NVIDIA GeForce RTX 2080,32,7000,448,7982,2100,2944,7.5,32,32,1024,16,65536,65536,255,1024,64,1,0,0,0,0,1,0,0,1,4294967292,2147483647,0,0,0,2147483646,0,0,0,0,0,2147483646,0,0,0,0,0,0.000000,9.632960,9.331930,0,0,0,9.331930,0,0,0,0,0,9.331930,0,0,0,0,11593479
exxact_wilson_dslash_collapse2_dynamic,1,0,0,0,Clang,Exxact,2,10,2,2400,640,640,20480,28160,NVIDIA GeForce RTX 2080,32,7000,448,7982,2100,2944,7.5,32,32,1024,16,65536,65536,255,1024,64,0,1,0,0,0,1,0,0,0,0,0,0,0,0,0,0,0,0,0,0,0,0,0,0,0,0,0,0,0,0,0,0,0,0,0,0,0,0,0,0,0,0,0,1484625
exxact_wilson_dslash_collapse1_guided,1,0,0,0,Clang,Exxact,2,10,2,2400,640,640,20480,28160,NVIDIA GeForce RTX 2080,32,7000,448,7982,2100,2944,7.5,32,32,1024,16,65536,65536,255,1024,64,1,0,0,0,0,0,1,0,1,4294967292,2147483647,0,0,0,2147483646,0,0,0,0,0,2147483646,0,0,0,0,0,0.000000,9.632960,9.331930,0,0,0,9.331930,0,0,0,0,0,9.331930,0,0,0,0,11657333
exxact_wilson_dslash_collapse2_guided,1,0,0,0,Clang,Exxact,2,10,2,2400,640,640,20480,28160,NVIDIA GeForce RTX 2080,32,7000,448,7982,2100,2944,7.5,32,32,1024,16,65536,65536,255,1024,64,0,1,0,0,0,0,1,0,0,0,0,0,0,0,0,0,0,0,0,0,0,0,0,0,0,0,0,0,0,0,0,0,0,0,0,0,0,0,0,0,0,0,0,1486561
exxact_dwf_dslash_4,1,0,0,0,Clang,Exxact,2,10,2,2400,640,640,20480,28160,NVIDIA GeForce RTX 2080,32,7000,448,7982,2100,2944,7.5,32,32,1024,16,65536,65536,255,1024,64,1,0,0,0,1,0,0,0,0,1,0,0,0,0,0,0,0,0,0,0,0,0,0,0,0,0,0,0.000000,0,0,0,0,0,0,0,0,0,0,0,0,0,0,0,707347
exxact_wilson_dslash_collapse1_static,1,0,0,0,Clang,Exxact,2,10,2,2400,640,640,20480,28160,NVIDIA GeForce RTX 2080,32,7000,448,7982,2100,2944,7.5,32,32,1024,16,65536,65536,255,1024,64,1,0,0,0,1,0,0,0,1,4294967292,2147483647,0,0,0,2147483646,0,0,0,0,0,2147483646,0,0,0,0,0,0.000000,9.632960,9.331930,0,0,0,9.331930,0,0,0,0,0,9.331930,0,0,0,0,748825
exxact_wilson_dslash_collapse2_static,1,0,0,0,Clang,Exxact,2,10,2,2400,640,640,20480,28160,NVIDIA GeForce RTX 2080,32,7000,448,7982,2100,2944,7.5,32,32,1024,16,65536,65536,255,1024,64,0,1,0,0,1,0,0,0,0,0,0,0,0,0,0,0,0,0,0,0,0,0,0,0,0,0,0,0,0,0,0,0,0,0,0,0,0,0,0,0,0,0,0,225475
exxact_wilson_dslash_collapse1_dynamic,1,0,0,0,Clang,Exxact,2,10,2,2400,640,640,20480,28160,NVIDIA GeForce RTX 2080,32,7000,448,7982,2100,2944,7.5,32,32,1024,16,65536,65536,255,1024,64,1,0,0,0,0,1,0,0,1,4294967292,2147483647,0,0,0,2147483646,0,0,0,0,0,2147483646,0,0,0,0,0,0.000000,9.632960,9.331930,0,0,0,9.331930,0,0,0,0,0,9.331930,0,0,0,0,5808505
exxact_wilson_dslash_collapse2_dynamic,1,0,0,0,Clang,Exxact,2,10,2,2400,640,640,20480,28160,NVIDIA GeForce RTX 2080,32,7000,448,7982,2100,2944,7.5,32,32,1024,16,65536,65536,255,1024,64,0,1,0,0,0,1,0,0,0,0,0,0,0,0,0,0,0,0,0,0,0,0,0,0,0,0,0,0,0,0,0,0,0,0,0,0,0,0,0,0,0,0,0,1259523
exxact_wilson_dslash_collapse1_guided,1,0,0,0,Clang,Exxact,2,10,2,2400,640,640,20480,28160,NVIDIA GeForce RTX 2080,32,7000,448,7982,2100,2944,7.5,32,32,1024,16,65536,65536,255,1024,64,1,0,0,0,0,0,1,0,1,4294967292,2147483647,0,0,0,2147483646,0,0,0,0,0,2147483646,0,0,0,0,0,0.000000,9.632960,9.331930,0,0,0,9.331930,0,0,0,0,0,9.331930,0,0,0,0,5808210
exxact_wilson_dslash_collapse2_guided,1,0,0,0,Clang,Exxact,2,10,2,2400,640,640,20480,28160,NVIDIA GeForce RTX 2080,32,7000,448,7982,2100,2944,7.5,32,32,1024,16,65536,65536,255,1024,64,0,1,0,0,0,0,1,0,0,0,0,0,0,0,0,0,0,0,0,0,0,0,0,0,0,0,0,0,0,0,0,0,0,0,0,0,0,0,0,0,0,0,0,1259083
exxact_dwf_dslash_4,1,0,0,0,Clang,Exxact,2,10,2,2400,640,640,20480,28160,NVIDIA GeForce RTX 2080,32,7000,448,7982,2100,2944,7.5,32,32,1024,16,65536,65536,255,1024,64,1,0,0,0,1,0,0,0,0,1,0,0,0,0,0,0,0,0,0,0,0,0,0,0,0,0,0,0.000000,0,0,0,0,0,0,0,0,0,0,0,0,0,0,0,748825
exxact_wilson_dslash_collapse1_static,1,0,0,0,Clang,Exxact,2,10,2,2400,640,640,20480,28160,NVIDIA GeForce RTX 2080,32,7000,448,7982,2100,2944,7.5,32,32,1024,16,65536,65536,255,1024,64,1,0,0,0,1,0,0,0,1,4294967292,2147483647,0,0,0,2147483646,0,0,0,0,0,2147483646,0,0,0,0,0,0.000000,9.632960,9.331930,0,0,0,9.331930,0,0,0,0,0,9.331930,0,0,0,0,1476472
exxact_wilson_dslash_collapse2_static,1,0,0,0,Clang,Exxact,2,10,2,2400,640,640,20480,28160,NVIDIA GeForce RTX 2080,32,7000,448,7982,2100,2944,7.5,32,32,1024,16,65536,65536,255,1024,64,0,1,0,0,1,0,0,0,0,0,0,0,0,0,0,0,0,0,0,0,0,0,0,0,0,0,0,0,0,0,0,0,0,0,0,0,0,0,0,0,0,0,0,549462
exxact_wilson_dslash_collapse1_dynamic,1,0,0,0,Clang,Exxact,2,10,2,2400,640,640,20480,28160,NVIDIA GeForce RTX 2080,32,7000,448,7982,2100,2944,7.5,32,32,1024,16,65536,65536,255,1024,64,1,0,0,0,0,1,0,0,1,4294967292,2147483647,0,0,0,2147483646,0,0,0,0,0,2147483646,0,0,0,0,0,0.000000,9.632960,9.331930,0,0,0,9.331930,0,0,0,0,0,9.331930,0,0,0,0,17401145
exxact_wilson_dslash_collapse2_dynamic,1,0,0,0,Clang,Exxact,2,10,2,2400,640,640,20480,28160,NVIDIA GeForce RTX 2080,32,7000,448,7982,2100,2944,7.5,32,32,1024,16,65536,65536,255,1024,64,0,1,0,0,0,1,0,0,0,0,0,0,0,0,0,0,0,0,0,0,0,0,0,0,0,0,0,0,0,0,0,0,0,0,0,0,0,0,0,0,0,0,0,1727121
exxact_wilson_dslash_collapse1_guided,1,0,0,0,Clang,Exxact,2,10,2,2400,640,640,20480,28160,NVIDIA GeForce RTX 2080,32,7000,448,7982,2100,2944,7.5,32,32,1024,16,65536,65536,255,1024,64,1,0,0,0,0,0,1,0,1,4294967292,2147483647,0,0,0,2147483646,0,0,0,0,0,2147483646,0,0,0,0,0,0.000000,9.632960,9.331930,0,0,0,9.331930,0,0,0,0,0,9.331930,0,0,0,0,17768576
exxact_wilson_dslash_collapse2_guided,1,0,0,0,Clang,Exxact,2,10,2,2400,640,640,20480,28160,NVIDIA GeForce RTX 2080,32,7000,448,7982,2100,2944,7.5,32,32,1024,16,65536,65536,255,1024,64,0,1,0,0,0,0,1,0,0,0,0,0,0,0,0,0,0,0,0,0,0,0,0,0,0,0,0,0,0,0,0,0,0,0,0,0,0,0,0,0,0,0,0,1498755
exxact_dwf_dslash_4,1,0,0,0,Clang,Exxact,2,10,2,2400,640,640,20480,28160,NVIDIA GeForce RTX 2080,32,7000,448,7982,2100,2944,7.5,32,32,1024,16,65536,65536,255,1024,64,1,0,0,0,1,0,0,0,0,1,0,0,0,0,0,0,0,0,0,0,0,0,0,0,0,0,0,0.000000,0,0,0,0,0,0,0,0,0,0,0,0,0,0,0,1476472
exxact_wilson_dslash_collapse1_static,1,0,0,0,Clang,Exxact,2,10,2,2400,640,640,20480,28160,NVIDIA GeForce RTX 2080,32,7000,448,7982,2100,2944,7.5,32,32,1024,16,65536,65536,255,1024,64,1,0,0,0,1,0,0,0,1,4294967292,2147483647,0,0,0,2147483646,0,0,0,0,0,2147483646,0,0,0,0,0,0.000000,9.632960,9.331930,0,0,0,9.331930,0,0,0,0,0,9.331930,0,0,0,0,2311730
exxact_wilson_dslash_collapse2_static,1,0,0,0,Clang,Exxact,2,10,2,2400,640,640,20480,28160,NVIDIA GeForce RTX 2080,32,7000,448,7982,2100,2944,7.5,32,32,1024,16,65536,65536,255,1024,64,0,1,0,0,1,0,0,0,0,0,0,0,0,0,0,0,0,0,0,0,0,0,0,0,0,0,0,0,0,0,0,0,0,0,0,0,0,0,0,0,0,0,0,975352
exxact_wilson_dslash_collapse1_dynamic,1,0,0,0,Clang,Exxact,2,10,2,2400,640,640,20480,28160,NVIDIA GeForce RTX 2080,32,7000,448,7982,2100,2944,7.5,32,32,1024,16,65536,65536,255,1024,64,1,0,0,0,0,1,0,0,1,4294967292,2147483647,0,0,0,2147483646,0,0,0,0,0,2147483646,0,0,0,0,0,0.000000,9.632960,9.331930,0,0,0,9.331930,0,0,0,0,0,9.331930,0,0,0,0,34854567
exxact_wilson_dslash_collapse2_dynamic,1,0,0,0,Clang,Exxact,2,10,2,2400,640,640,20480,28160,NVIDIA GeForce RTX 2080,32,7000,448,7982,2100,2944,7.5,32,32,1024,16,65536,65536,255,1024,64,0,1,0,0,0,1,0,0,0,0,0,0,0,0,0,0,0,0,0,0,0,0,0,0,0,0,0,0,0,0,0,0,0,0,0,0,0,0,0,0,0,0,0,2507954
exxact_wilson_dslash_collapse1_guided,1,0,0,0,Clang,Exxact,2,10,2,2400,640,640,20480,28160,NVIDIA GeForce RTX 2080,32,7000,448,7982,2100,2944,7.5,32,32,1024,16,65536,65536,255,1024,64,1,0,0,0,0,0,1,0,1,4294967292,2147483647,0,0,0,2147483646,0,0,0,0,0,2147483646,0,0,0,0,0,0.000000,9.632960,9.331930,0,0,0,9.331930,0,0,0,0,0,9.331930,0,0,0,0,34987258
exxact_wilson_dslash_collapse2_guided,1,0,0,0,Clang,Exxact,2,10,2,2400,640,640,20480,28160,NVIDIA GeForce RTX 2080,32,7000,448,7982,2100,2944,7.5,32,32,1024,16,65536,65536,255,1024,64,0,1,0,0,0,0,1,0,0,0,0,0,0,0,0,0,0,0,0,0,0,0,0,0,0,0,0,0,0,0,0,0,0,0,0,0,0,0,0,0,0,0,0,2399956
exxact_dwf_dslash_4,1,0,0,0,Clang,Exxact,2,10,2,2400,640,640,20480,28160,NVIDIA GeForce RTX 2080,32,7000,448,7982,2100,2944,7.5,32,32,1024,16,65536,65536,255,1024,64,1,0,0,0,1,0,0,0,0,1,0,0,0,0,0,0,0,0,0,0,0,0,0,0,0,0,0,0.000000,0,0,0,0,0,0,0,0,0,0,0,0,0,0,0,2311730
exxact_wilson_dslash_collapse1_static,1,0,0,0,Clang,Exxact,2,10,2,2400,640,640,20480,28160,NVIDIA GeForce RTX 2080,32,7000,448,7982,2100,2944,7.5,32,32,1024,16,65536,65536,255,1024,64,1,0,0,0,1,0,0,0,1,4294967292,2147483647,0,0,0,2147483646,0,0,0,0,0,2147483646,0,0,0,0,0,0.000000,9.632960,9.331930,0,0,0,9.331930,0,0,0,0,0,9.331930,0,0,0,0,1571599
exxact_wilson_dslash_collapse2_static,1,0,0,0,Clang,Exxact,2,10,2,2400,640,640,20480,28160,NVIDIA GeForce RTX 2080,32,7000,448,7982,2100,2944,7.5,32,32,1024,16,65536,65536,255,1024,64,0,1,0,0,1,0,0,0,0,0,0,0,0,0,0,0,0,0,0,0,0,0,0,0,0,0,0,0,0,0,0,0,0,0,0,0,0,0,0,0,0,0,0,480481
exxact_wilson_dslash_collapse1_dynamic,1,0,0,0,Clang,Exxact,2,10,2,2400,640,640,20480,28160,NVIDIA GeForce RTX 2080,32,7000,448,7982,2100,2944,7.5,32,32,1024,16,65536,65536,255,1024,64,1,0,0,0,0,1,0,0,1,4294967292,2147483647,0,0,0,2147483646,0,0,0,0,0,2147483646,0,0,0,0,0,0.000000,9.632960,9.331930,0,0,0,9.331930,0,0,0,0,0,9.331930,0,0,0,0,11677107
exxact_wilson_dslash_collapse2_dynamic,1,0,0,0,Clang,Exxact,2,10,2,2400,640,640,20480,28160,NVIDIA GeForce RTX 2080,32,7000,448,7982,2100,2944,7.5,32,32,1024,16,65536,65536,255,1024,64,0,1,0,0,0,1,0,0,0,0,0,0,0,0,0,0,0,0,0,0,0,0,0,0,0,0,0,0,0,0,0,0,0,0,0,0,0,0,0,0,0,0,0,1524415
exxact_wilson_dslash_collapse1_guided,1,0,0,0,Clang,Exxact,2,10,2,2400,640,640,20480,28160,NVIDIA GeForce RTX 2080,32,7000,448,7982,2100,2944,7.5,32,32,1024,16,65536,65536,255,1024,64,1,0,0,0,0,0,1,0,1,4294967292,2147483647,0,0,0,2147483646,0,0,0,0,0,2147483646,0,0,0,0,0,0.000000,9.632960,9.331930,0,0,0,9.331930,0,0,0,0,0,9.331930,0,0,0,0,11677171
exxact_wilson_dslash_collapse2_guided,1,0,0,0,Clang,Exxact,2,10,2,2400,640,640,20480,28160,NVIDIA GeForce RTX 2080,32,7000,448,7982,2100,2944,7.5,32,32,1024,16,65536,65536,255,1024,64,0,1,0,0,0,0,1,0,0,0,0,0,0,0,0,0,0,0,0,0,0,0,0,0,0,0,0,0,0,0,0,0,0,0,0,0,0,0,0,0,0,0,0,1523206
exxact_dwf_dslash_4,1,0,0,0,Clang,Exxact,2,10,2,2400,640,640,20480,28160,NVIDIA GeForce RTX 2080,32,7000,448,7982,2100,2944,7.5,32,32,1024,16,65536,65536,255,1024,64,1,0,0,0,1,0,0,0,0,1,0,0,0,0,0,0,0,0,0,0,0,0,0,0,0,0,0,0.000000,0,0,0,0,0,0,0,0,0,0,0,0,0,0,0,1571599
exxact_wilson_dslash_collapse1_static,1,0,0,0,Clang,Exxact,2,10,2,2400,640,640,20480,28160,NVIDIA GeForce RTX 2080,32,7000,448,7982,2100,2944,7.5,32,32,1024,16,65536,65536,255,1024,64,1,0,0,0,1,0,0,0,1,4294967292,2147483647,0,0,0,2147483646,0,0,0,0,0,2147483646,0,0,0,0,0,0.000000,9.632960,9.331930,0,0,0,9.331930,0,0,0,0,0,9.331930,0,0,0,0,4687163
exxact_wilson_dslash_collapse2_static,1,0,0,0,Clang,Exxact,2,10,2,2400,640,640,20480,28160,NVIDIA GeForce RTX 2080,32,7000,448,7982,2100,2944,7.5,32,32,1024,16,65536,65536,255,1024,64,0,1,0,0,1,0,0,0,0,0,0,0,0,0,0,0,0,0,0,0,0,0,0,0,0,0,0,0,0,0,0,0,0,0,0,0,0,0,0,0,0,0,0,1732238
exxact_wilson_dslash_collapse1_dynamic,1,0,0,0,Clang,Exxact,2,10,2,2400,640,640,20480,28160,NVIDIA GeForce RTX 2080,32,7000,448,7982,2100,2944,7.5,32,32,1024,16,65536,65536,255,1024,64,1,0,0,0,0,1,0,0,1,4294967292,2147483647,0,0,0,2147483646,0,0,0,0,0,2147483646,0,0,0,0,0,0.000000,9.632960,9.331930,0,0,0,9.331930,0,0,0,0,0,9.331930,0,0,0,0,34558978
exxact_wilson_dslash_collapse2_dynamic,1,0,0,0,Clang,Exxact,2,10,2,2400,640,640,20480,28160,NVIDIA GeForce RTX 2080,32,7000,448,7982,2100,2944,7.5,32,32,1024,16,65536,65536,255,1024,64,0,1,0,0,0,1,0,0,0,0,0,0,0,0,0,0,0,0,0,0,0,0,0,0,0,0,0,0,0,0,0,0,0,0,0,0,0,0,0,0,0,0,0,2591280
exxact_wilson_dslash_collapse1_guided,1,0,0,0,Clang,Exxact,2,10,2,2400,640,640,20480,28160,NVIDIA GeForce RTX 2080,32,7000,448,7982,2100,2944,7.5,32,32,1024,16,65536,65536,255,1024,64,1,0,0,0,0,0,1,0,1,4294967292,2147483647,0,0,0,2147483646,0,0,0,0,0,2147483646,0,0,0,0,0,0.000000,9.632960,9.331930,0,0,0,9.331930,0,0,0,0,0,9.331930,0,0,0,0,34750748
exxact_wilson_dslash_collapse2_guided,1,0,0,0,Clang,Exxact,2,10,2,2400,640,640,20480,28160,NVIDIA GeForce RTX 2080,32,7000,448,7982,2100,2944,7.5,32,32,1024,16,65536,65536,255,1024,64,0,1,0,0,0,0,1,0,0,0,0,0,0,0,0,0,0,0,0,0,0,0,0,0,0,0,0,0,0,0,0,0,0,0,0,0,0,0,0,0,0,0,0,2505541
exxact_dwf_dslash_4,1,0,0,0,Clang,Exxact,2,10,2,2400,640,640,20480,28160,NVIDIA GeForce RTX 2080,32,7000,448,7982,2100,2944,7.5,32,32,1024,16,65536,65536,255,1024,64,1,0,0,0,1,0,0,0,0,1,0,0,0,0,0,0,0,0,0,0,0,0,0,0,0,0,0,0.000000,0,0,0,0,0,0,0,0,0,0,0,0,0,0,0,4687163
exxact_wilson_dslash_collapse1_static,1,0,0,0,Clang,Exxact,2,10,2,2400,640,640,20480,28160,NVIDIA GeForce RTX 2080,32,7000,448,7982,2100,2944,7.5,32,32,1024,16,65536,65536,255,1024,64,1,0,0,0,1,0,0,0,1,4294967292,2147483647,0,0,0,2147483646,0,0,0,0,0,2147483646,0,0,0,0,0,0.000000,9.632960,9.331930,0,0,0,9.331930,0,0,0,0,0,9.331930,0,0,0,0,4476918
exxact_wilson_dslash_collapse2_static,1,0,0,0,Clang,Exxact,2,10,2,2400,640,640,20480,28160,NVIDIA GeForce RTX 2080,32,7000,448,7982,2100,2944,7.5,32,32,1024,16,65536,65536,255,1024,64,0,1,0,0,1,0,0,0,0,0,0,0,0,0,0,0,0,0,0,0,0,0,0,0,0,0,0,0,0,0,0,0,0,0,0,0,0,0,0,0,0,0,0,1874544
exxact_wilson_dslash_collapse1_dynamic,1,0,0,0,Clang,Exxact,2,10,2,2400,640,640,20480,28160,NVIDIA GeForce RTX 2080,32,7000,448,7982,2100,2944,7.5,32,32,1024,16,65536,65536,255,1024,64,1,0,0,0,0,1,0,0,1,4294967292,2147483647,0,0,0,2147483646,0,0,0,0,0,2147483646,0,0,0,0,0,0.000000,9.632960,9.331930,0,0,0,9.331930,0,0,0,0,0,9.331930,0,0,0,0,69586340
exxact_wilson_dslash_collapse2_dynamic,1,0,0,0,Clang,Exxact,2,10,2,2400,640,640,20480,28160,NVIDIA GeForce RTX 2080,32,7000,448,7982,2100,2944,7.5,32,32,1024,16,65536,65536,255,1024,64,0,1,0,0,0,1,0,0,0,0,0,0,0,0,0,0,0,0,0,0,0,0,0,0,0,0,0,0,0,0,0,0,0,0,0,0,0,0,0,0,0,0,0,4651225
exxact_wilson_dslash_collapse1_guided,1,0,0,0,Clang,Exxact,2,10,2,2400,640,640,20480,28160,NVIDIA GeForce RTX 2080,32,7000,448,7982,2100,2944,7.5,32,32,1024,16,65536,65536,255,1024,64,1,0,0,0,0,0,1,0,1,4294967292,2147483647,0,0,0,2147483646,0,0,0,0,0,2147483646,0,0,0,0,0,0.000000,9.632960,9.331930,0,0,0,9.331930,0,0,0,0,0,9.331930,0,0,0,0,70031617
exxact_wilson_dslash_collapse2_guided,1,0,0,0,Clang,Exxact,2,10,2,2400,640,640,20480,28160,NVIDIA GeForce RTX 2080,32,7000,448,7982,2100,2944,7.5,32,32,1024,16,65536,65536,255,1024,64,0,1,0,0,0,0,1,0,0,0,0,0,0,0,0,0,0,0,0,0,0,0,0,0,0,0,0,0,0,0,0,0,0,0,0,0,0,0,0,0,0,0,0,4803208
exxact_dwf_dslash_4,1,0,0,0,Clang,Exxact,2,10,2,2400,640,640,20480,28160,NVIDIA GeForce RTX 2080,32,7000,448,7982,2100,2944,7.5,32,32,1024,16,65536,65536,255,1024,64,1,0,0,0,1,0,0,0,0,1,0,0,0,0,0,0,0,0,0,0,0,0,0,0,0,0,0,0.000000,0,0,0,0,0,0,0,0,0,0,0,0,0,0,0,4476918
exxact_wilson_dslash_collapse1_static,1,0,0,0,Clang,Exxact,2,10,2,2400,640,640,20480,28160,NVIDIA GeForce RTX 2080,32,7000,448,7982,2100,2944,7.5,32,32,1024,16,65536,65536,255,1024,64,1,0,0,0,1,0,0,0,1,4294967292,2147483647,0,0,0,2147483646,0,0,0,0,0,2147483646,0,0,0,0,0,0.000000,9.632960,9.331930,0,0,0,9.331930,0,0,0,0,0,9.331930,0,0,0,0,729336
exxact_wilson_dslash_collapse2_static,1,0,0,0,Clang,Exxact,2,10,2,2400,640,640,20480,28160,NVIDIA GeForce RTX 2080,32,7000,448,7982,2100,2944,7.5,32,32,1024,16,65536,65536,255,1024,64,0,1,0,0,1,0,0,0,0,0,0,0,0,0,0,0,0,0,0,0,0,0,0,0,0,0,0,0,0,0,0,0,0,0,0,0,0,0,0,0,0,0,0,233653
exxact_wilson_dslash_collapse1_dynamic,1,0,0,0,Clang,Exxact,2,10,2,2400,640,640,20480,28160,NVIDIA GeForce RTX 2080,32,7000,448,7982,2100,2944,7.5,32,32,1024,16,65536,65536,255,1024,64,1,0,0,0,0,1,0,0,1,4294967292,2147483647,0,0,0,2147483646,0,0,0,0,0,2147483646,0,0,0,0,0,0.000000,9.632960,9.331930,0,0,0,9.331930,0,0,0,0,0,9.331930,0,0,0,0,5892017
exxact_wilson_dslash_collapse2_dynamic,1,0,0,0,Clang,Exxact,2,10,2,2400,640,640,20480,28160,NVIDIA GeForce RTX 2080,32,7000,448,7982,2100,2944,7.5,32,32,1024,16,65536,65536,255,1024,64,0,1,0,0,0,1,0,0,0,0,0,0,0,0,0,0,0,0,0,0,0,0,0,0,0,0,0,0,0,0,0,0,0,0,0,0,0,0,0,0,0,0,0,3245539
exxact_wilson_dslash_collapse1_guided,1,0,0,0,Clang,Exxact,2,10,2,2400,640,640,20480,28160,NVIDIA GeForce RTX 2080,32,7000,448,7982,2100,2944,7.5,32,32,1024,16,65536,65536,255,1024,64,1,0,0,0,0,0,1,0,1,4294967292,2147483647,0,0,0,2147483646,0,0,0,0,0,2147483646,0,0,0,0,0,0.000000,9.632960,9.331930,0,0,0,9.331930,0,0,0,0,0,9.331930,0,0,0,0,5840469
exxact_wilson_dslash_collapse2_guided,1,0,0,0,Clang,Exxact,2,10,2,2400,640,640,20480,28160,NVIDIA GeForce RTX 2080,32,7000,448,7982,2100,2944,7.5,32,32,1024,16,65536,65536,255,1024,64,0,1,0,0,0,0,1,0,0,0,0,0,0,0,0,0,0,0,0,0,0,0,0,0,0,0,0,0,0,0,0,0,0,0,0,0,0,0,0,0,0,0,0,3246676
exxact_dwf_dslash_4,1,0,0,0,Clang,Exxact,2,10,2,2400,640,640,20480,28160,NVIDIA GeForce RTX 2080,32,7000,448,7982,2100,2944,7.5,32,32,1024,16,65536,65536,255,1024,64,1,0,0,0,1,0,0,0,0,1,0,0,0,0,0,0,0,0,0,0,0,0,0,0,0,0,0,0.000000,0,0,0,0,0,0,0,0,0,0,0,0,0,0,0,729336
exxact_wilson_dslash_collapse1_static,1,0,0,0,Clang,Exxact,2,10,2,2400,640,640,20480,28160,NVIDIA GeForce RTX 2080,32,7000,448,7982,2100,2944,7.5,32,32,1024,16,65536,65536,255,1024,64,1,0,0,0,1,0,0,0,1,4294967292,2147483647,0,0,0,2147483646,0,0,0,0,0,2147483646,0,0,0,0,0,0.000000,9.632960,9.331930,0,0,0,9.331930,0,0,0,0,0,9.331930,0,0,0,0,1497664
exxact_wilson_dslash_collapse2_static,1,0,0,0,Clang,Exxact,2,10,2,2400,640,640,20480,28160,NVIDIA GeForce RTX 2080,32,7000,448,7982,2100,2944,7.5,32,32,1024,16,65536,65536,255,1024,64,0,1,0,0,1,0,0,0,0,0,0,0,0,0,0,0,0,0,0,0,0,0,0,0,0,0,0,0,0,0,0,0,0,0,0,0,0,0,0,0,0,0,0,555500
exxact_wilson_dslash_collapse1_dynamic,1,0,0,0,Clang,Exxact,2,10,2,2400,640,640,20480,28160,NVIDIA GeForce RTX 2080,32,7000,448,7982,2100,2944,7.5,32,32,1024,16,65536,65536,255,1024,64,1,0,0,0,0,1,0,0,1,4294967292,2147483647,0,0,0,2147483646,0,0,0,0,0,2147483646,0,0,0,0,0,0.000000,9.632960,9.331930,0,0,0,9.331930,0,0,0,0,0,9.331930,0,0,0,0,17494237
exxact_wilson_dslash_collapse2_dynamic,1,0,0,0,Clang,Exxact,2,10,2,2400,640,640,20480,28160,NVIDIA GeForce RTX 2080,32,7000,448,7982,2100,2944,7.5,32,32,1024,16,65536,65536,255,1024,64,0,1,0,0,0,1,0,0,0,0,0,0,0,0,0,0,0,0,0,0,0,0,0,0,0,0,0,0,0,0,0,0,0,0,0,0,0,0,0,0,0,0,0,3711187
exxact_wilson_dslash_collapse1_guided,1,0,0,0,Clang,Exxact,2,10,2,2400,640,640,20480,28160,NVIDIA GeForce RTX 2080,32,7000,448,7982,2100,2944,7.5,32,32,1024,16,65536,65536,255,1024,64,1,0,0,0,0,0,1,0,1,4294967292,2147483647,0,0,0,2147483646,0,0,0,0,0,2147483646,0,0,0,0,0,0.000000,9.632960,9.331930,0,0,0,9.331930,0,0,0,0,0,9.331930,0,0,0,0,17495424
exxact_wilson_dslash_collapse2_guided,1,0,0,0,Clang,Exxact,2,10,2,2400,640,640,20480,28160,NVIDIA GeForce RTX 2080,32,7000,448,7982,2100,2944,7.5,32,32,1024,16,65536,65536,255,1024,64,0,1,0,0,0,0,1,0,0,0,0,0,0,0,0,0,0,0,0,0,0,0,0,0,0,0,0,0,0,0,0,0,0,0,0,0,0,0,0,0,0,0,0,3712176
exxact_dwf_dslash_4,1,0,0,0,Clang,Exxact,2,10,2,2400,640,640,20480,28160,NVIDIA GeForce RTX 2080,32,7000,448,7982,2100,2944,7.5,32,32,1024,16,65536,65536,255,1024,64,1,0,0,0,1,0,0,0,0,1,0,0,0,0,0,0,0,0,0,0,0,0,0,0,0,0,0,0.000000,0,0,0,0,0,0,0,0,0,0,0,0,0,0,0,1497664
exxact_wilson_dslash_collapse1_static,1,0,0,0,Clang,Exxact,2,10,2,2400,640,640,20480,28160,NVIDIA GeForce RTX 2080,32,7000,448,7982,2100,2944,7.5,32,32,1024,16,65536,65536,255,1024,64,1,0,0,0,1,0,0,0,1,4294967292,2147483647,0,0,0,2147483646,0,0,0,0,0,2147483646,0,0,0,0,0,0.000000,9.632960,9.331930,0,0,0,9.331930,0,0,0,0,0,9.331930,0,0,0,0,2325347
exxact_wilson_dslash_collapse2_static,1,0,0,0,Clang,Exxact,2,10,2,2400,640,640,20480,28160,NVIDIA GeForce RTX 2080,32,7000,448,7982,2100,2944,7.5,32,32,1024,16,65536,65536,255,1024,64,0,1,0,0,1,0,0,0,0,0,0,0,0,0,0,0,0,0,0,0,0,0,0,0,0,0,0,0,0,0,0,0,0,0,0,0,0,0,0,0,0,0,0,1034414
exxact_wilson_dslash_collapse1_dynamic,1,0,0,0,Clang,Exxact,2,10,2,2400,640,640,20480,28160,NVIDIA GeForce RTX 2080,32,7000,448,7982,2100,2944,7.5,32,32,1024,16,65536,65536,255,1024,64,1,0,0,0,0,1,0,0,1,4294967292,2147483647,0,0,0,2147483646,0,0,0,0,0,2147483646,0,0,0,0,0,0.000000,9.632960,9.331930,0,0,0,9.331930,0,0,0,0,0,9.331930,0,0,0,0,34975725
exxact_wilson_dslash_collapse2_dynamic,1,0,0,0,Clang,Exxact,2,10,2,2400,640,640,20480,28160,NVIDIA GeForce RTX 2080,32,7000,448,7982,2100,2944,7.5,32,32,1024,16,65536,65536,255,1024,64,0,1,0,0,0,1,0,0,0,0,0,0,0,0,0,0,0,0,0,0,0,0,0,0,0,0,0,0,0,0,0,0,0,0,0,0,0,0,0,0,0,0,0,4421888
exxact_wilson_dslash_collapse1_guided,1,0,0,0,Clang,Exxact,2,10,2,2400,640,640,20480,28160,NVIDIA GeForce RTX 2080,32,7000,448,7982,2100,2944,7.5,32,32,1024,16,65536,65536,255,1024,64,1,0,0,0,0,0,1,0,1,4294967292,2147483647,0,0,0,2147483646,0,0,0,0,0,2147483646,0,0,0,0,0,0.000000,9.632960,9.331930,0,0,0,9.331930,0,0,0,0,0,9.331930,0,0,0,0,35100612
exxact_wilson_dslash_collapse2_guided,1,0,0,0,Clang,Exxact,2,10,2,2400,640,640,20480,28160,NVIDIA GeForce RTX 2080,32,7000,448,7982,2100,2944,7.5,32,32,1024,16,65536,65536,255,1024,64,0,1,0,0,0,0,1,0,0,0,0,0,0,0,0,0,0,0,0,0,0,0,0,0,0,0,0,0,0,0,0,0,0,0,0,0,0,0,0,0,0,0,0,4449302
exxact_dwf_dslash_4,1,0,0,0,Clang,Exxact,2,10,2,2400,640,640,20480,28160,NVIDIA GeForce RTX 2080,32,7000,448,7982,2100,2944,7.5,32,32,1024,16,65536,65536,255,1024,64,1,0,0,0,1,0,0,0,0,1,0,0,0,0,0,0,0,0,0,0,0,0,0,0,0,0,0,0.000000,0,0,0,0,0,0,0,0,0,0,0,0,0,0,0,2325347
exxact_wilson_dslash_collapse1_static,1,0,0,0,Clang,Exxact,2,10,2,2400,640,640,20480,28160,NVIDIA GeForce RTX 2080,32,7000,448,7982,2100,2944,7.5,32,32,1024,16,65536,65536,255,1024,64,1,0,0,0,1,0,0,0,1,4294967292,2147483647,0,0,0,2147483646,0,0,0,0,0,2147483646,0,0,0,0,0,0.000000,9.632960,9.331930,0,0,0,9.331930,0,0,0,0,0,9.331930,0,0,0,0,2270006
exxact_wilson_dslash_collapse2_static,1,0,0,0,Clang,Exxact,2,10,2,2400,640,640,20480,28160,NVIDIA GeForce RTX 2080,32,7000,448,7982,2100,2944,7.5,32,32,1024,16,65536,65536,255,1024,64,0,1,0,0,1,0,0,0,0,0,0,0,0,0,0,0,0,0,0,0,0,0,0,0,0,0,0,0,0,0,0,0,0,0,0,0,0,0,0,0,0,0,0,718130
exxact_wilson_dslash_collapse1_dynamic,1,0,0,0,Clang,Exxact,2,10,2,2400,640,640,20480,28160,NVIDIA GeForce RTX 2080,32,7000,448,7982,2100,2944,7.5,32,32,1024,16,65536,65536,255,1024,64,1,0,0,0,0,1,0,0,1,4294967292,2147483647,0,0,0,2147483646,0,0,0,0,0,2147483646,0,0,0,0,0,0.000000,9.632960,9.331930,0,0,0,9.331930,0,0,0,0,0,9.331930,0,0,0,0,17493788
exxact_wilson_dslash_collapse2_dynamic,1,0,0,0,Clang,Exxact,2,10,2,2400,640,640,20480,28160,NVIDIA GeForce RTX 2080,32,7000,448,7982,2100,2944,7.5,32,32,1024,16,65536,65536,255,1024,64,0,1,0,0,0,1,0,0,0,0,0,0,0,0,0,0,0,0,0,0,0,0,0,0,0,0,0,0,0,0,0,0,0,0,0,0,0,0,0,0,0,0,0,3757975
exxact_wilson_dslash_collapse1_guided,1,0,0,0,Clang,Exxact,2,10,2,2400,640,640,20480,28160,NVIDIA GeForce RTX 2080,32,7000,448,7982,2100,2944,7.5,32,32,1024,16,65536,65536,255,1024,64,1,0,0,0,0,0,1,0,1,4294967292,2147483647,0,0,0,2147483646,0,0,0,0,0,2147483646,0,0,0,0,0,0.000000,9.632960,9.331930,0,0,0,9.331930,0,0,0,0,0,9.331930,0,0,0,0,17444407
exxact_wilson_dslash_collapse2_guided,1,0,0,0,Clang,Exxact,2,10,2,2400,640,640,20480,28160,NVIDIA GeForce RTX 2080,32,7000,448,7982,2100,2944,7.5,32,32,1024,16,65536,65536,255,1024,64,0,1,0,0,0,0,1,0,0,0,0,0,0,0,0,0,0,0,0,0,0,0,0,0,0,0,0,0,0,0,0,0,0,0,0,0,0,0,0,0,0,0,0,3844131
exxact_dwf_dslash_4,1,0,0,0,Clang,Exxact,2,10,2,2400,640,640,20480,28160,NVIDIA GeForce RTX 2080,32,7000,448,7982,2100,2944,7.5,32,32,1024,16,65536,65536,255,1024,64,1,0,0,0,1,0,0,0,0,1,0,0,0,0,0,0,0,0,0,0,0,0,0,0,0,0,0,0.000000,0,0,0,0,0,0,0,0,0,0,0,0,0,0,0,2270006
exxact_wilson_dslash_collapse1_static,1,0,0,0,Clang,Exxact,2,10,2,2400,640,640,20480,28160,NVIDIA GeForce RTX 2080,32,7000,448,7982,2100,2944,7.5,32,32,1024,16,65536,65536,255,1024,64,1,0,0,0,1,0,0,0,1,4294967292,2147483647,0,0,0,2147483646,0,0,0,0,0,2147483646,0,0,0,0,0,0.000000,9.632960,9.331930,0,0,0,9.331930,0,0,0,0,0,9.331930,0,0,0,0,3548132
exxact_wilson_dslash_collapse2_static,1,0,0,0,Clang,Exxact,2,10,2,2400,640,640,20480,28160,NVIDIA GeForce RTX 2080,32,7000,448,7982,2100,2944,7.5,32,32,1024,16,65536,65536,255,1024,64,0,1,0,0,1,0,0,0,0,0,0,0,0,0,0,0,0,0,0,0,0,0,0,0,0,0,0,0,0,0,0,0,0,0,0,0,0,0,0,0,0,0,0,1470138
exxact_wilson_dslash_collapse1_dynamic,1,0,0,0,Clang,Exxact,2,10,2,2400,640,640,20480,28160,NVIDIA GeForce RTX 2080,32,7000,448,7982,2100,2944,7.5,32,32,1024,16,65536,65536,255,1024,64,1,0,0,0,0,1,0,0,1,4294967292,2147483647,0,0,0,2147483646,0,0,0,0,0,2147483646,0,0,0,0,0,0.000000,9.632960,9.331930,0,0,0,9.331930,0,0,0,0,0,9.331930,0,0,0,0,52504192
exxact_wilson_dslash_collapse2_dynamic,1,0,0,0,Clang,Exxact,2,10,2,2400,640,640,20480,28160,NVIDIA GeForce RTX 2080,32,7000,448,7982,2100,2944,7.5,32,32,1024,16,65536,65536,255,1024,64,0,1,0,0,0,1,0,0,0,0,0,0,0,0,0,0,0,0,0,0,0,0,0,0,0,0,0,0,0,0,0,0,0,0,0,0,0,0,0,0,0,0,0,5101325
exxact_wilson_dslash_collapse1_guided,1,0,0,0,Clang,Exxact,2,10,2,2400,640,640,20480,28160,NVIDIA GeForce RTX 2080,32,7000,448,7982,2100,2944,7.5,32,32,1024,16,65536,65536,255,1024,64,1,0,0,0,0,0,1,0,1,4294967292,2147483647,0,0,0,2147483646,0,0,0,0,0,2147483646,0,0,0,0,0,0.000000,9.632960,9.331930,0,0,0,9.331930,0,0,0,0,0,9.331930,0,0,0,0,52805811
exxact_wilson_dslash_collapse2_guided,1,0,0,0,Clang,Exxact,2,10,2,2400,640,640,20480,28160,NVIDIA GeForce RTX 2080,32,7000,448,7982,2100,2944,7.5,32,32,1024,16,65536,65536,255,1024,64,0,1,0,0,0,0,1,0,0,0,0,0,0,0,0,0,0,0,0,0,0,0,0,0,0,0,0,0,0,0,0,0,0,0,0,0,0,0,0,0,0,0,0,5080656
exxact_dwf_dslash_4,1,0,0,0,Clang,Exxact,2,10,2,2400,640,640,20480,28160,NVIDIA GeForce RTX 2080,32,7000,448,7982,2100,2944,7.5,32,32,1024,16,65536,65536,255,1024,64,1,0,0,0,1,0,0,0,0,1,0,0,0,0,0,0,0,0,0,0,0,0,0,0,0,0,0,0.000000,0,0,0,0,0,0,0,0,0,0,0,0,0,0,0,3548132
exxact_wilson_dslash_collapse1_static,1,0,0,0,Clang,Exxact,2,10,2,2400,640,640,20480,28160,NVIDIA GeForce RTX 2080,32,7000,448,7982,2100,2944,7.5,32,32,1024,16,65536,65536,255,1024,64,1,0,0,0,1,0,0,0,1,4294967292,2147483647,0,0,0,2147483646,0,0,0,0,0,2147483646,0,0,0,0,0,0.000000,9.632960,9.331930,0,0,0,9.331930,0,0,0,0,0,9.331930,0,0,0,0,4256207
exxact_wilson_dslash_collapse2_static,1,0,0,0,Clang,Exxact,2,10,2,2400,640,640,20480,28160,NVIDIA GeForce RTX 2080,32,7000,448,7982,2100,2944,7.5,32,32,1024,16,65536,65536,255,1024,64,0,1,0,0,1,0,0,0,0,0,0,0,0,0,0,0,0,0,0,0,0,0,0,0,0,0,0,0,0,0,0,0,0,0,0,0,0,0,0,0,0,0,0,1191015
exxact_wilson_dslash_collapse1_dynamic,1,0,0,0,Clang,Exxact,2,10,2,2400,640,640,20480,28160,NVIDIA GeForce RTX 2080,32,7000,448,7982,2100,2944,7.5,32,32,1024,16,65536,65536,255,1024,64,1,0,0,0,0,1,0,0,1,4294967292,2147483647,0,0,0,2147483646,0,0,0,0,0,2147483646,0,0,0,0,0,0.000000,9.632960,9.331930,0,0,0,9.331930,0,0,0,0,0,9.331930,0,0,0,0,35055321
exxact_wilson_dslash_collapse2_dynamic,1,0,0,0,Clang,Exxact,2,10,2,2400,640,640,20480,28160,NVIDIA GeForce RTX 2080,32,7000,448,7982,2100,2944,7.5,32,32,1024,16,65536,65536,255,1024,64,0,1,0,0,0,1,0,0,0,0,0,0,0,0,0,0,0,0,0,0,0,0,0,0,0,0,0,0,0,0,0,0,0,0,0,0,0,0,0,0,0,0,0,4459993
exxact_wilson_dslash_collapse1_guided,1,0,0,0,Clang,Exxact,2,10,2,2400,640,640,20480,28160,NVIDIA GeForce RTX 2080,32,7000,448,7982,2100,2944,7.5,32,32,1024,16,65536,65536,255,1024,64,1,0,0,0,0,0,1,0,1,4294967292,2147483647,0,0,0,2147483646,0,0,0,0,0,2147483646,0,0,0,0,0,0.000000,9.632960,9.331930,0,0,0,9.331930,0,0,0,0,0,9.331930,0,0,0,0,34889386
exxact_wilson_dslash_collapse2_guided,1,0,0,0,Clang,Exxact,2,10,2,2400,640,640,20480,28160,NVIDIA GeForce RTX 2080,32,7000,448,7982,2100,2944,7.5,32,32,1024,16,65536,65536,255,1024,64,0,1,0,0,0,0,1,0,0,0,0,0,0,0,0,0,0,0,0,0,0,0,0,0,0,0,0,0,0,0,0,0,0,0,0,0,0,0,0,0,0,0,0,4510719
exxact_dwf_dslash_4,1,0,0,0,Clang,Exxact,2,10,2,2400,640,640,20480,28160,NVIDIA GeForce RTX 2080,32,7000,448,7982,2100,2944,7.5,32,32,1024,16,65536,65536,255,1024,64,1,0,0,0,1,0,0,0,0,1,0,0,0,0,0,0,0,0,0,0,0,0,0,0,0,0,0,0.000000,0,0,0,0,0,0,0,0,0,0,0,0,0,0,0,4256207
exxact_wilson_dslash_collapse1_static,1,0,0,0,Clang,Exxact,2,10,2,2400,640,640,20480,28160,NVIDIA GeForce RTX 2080,32,7000,448,7982,2100,2944,7.5,32,32,1024,16,65536,65536,255,1024,64,1,0,0,0,1,0,0,0,1,4294967292,2147483647,0,0,0,2147483646,0,0,0,0,0,2147483646,0,0,0,0,0,0.000000,9.632960,9.331930,0,0,0,9.331930,0,0,0,0,0,9.331930,0,0,0,0,1471204
exxact_wilson_dslash_collapse2_static,1,0,0,0,Clang,Exxact,2,10,2,2400,640,640,20480,28160,NVIDIA GeForce RTX 2080,32,7000,448,7982,2100,2944,7.5,32,32,1024,16,65536,65536,255,1024,64,0,1,0,0,1,0,0,0,0,0,0,0,0,0,0,0,0,0,0,0,0,0,0,0,0,0,0,0,0,0,0,0,0,0,0,0,0,0,0,0,0,0,0,728250
exxact_wilson_dslash_collapse1_dynamic,1,0,0,0,Clang,Exxact,2,10,2,2400,640,640,20480,28160,NVIDIA GeForce RTX 2080,32,7000,448,7982,2100,2944,7.5,32,32,1024,16,65536,65536,255,1024,64,1,0,0,0,0,1,0,0,1,4294967292,2147483647,0,0,0,2147483646,0,0,0,0,0,2147483646,0,0,0,0,0,0.000000,9.632960,9.331930,0,0,0,9.331930,0,0,0,0,0,9.331930,0,0,0,0,11525105
exxact_wilson_dslash_collapse2_dynamic,1,0,0,0,Clang,Exxact,2,10,2,2400,640,640,20480,28160,NVIDIA GeForce RTX 2080,32,7000,448,7982,2100,2944,7.5,32,32,1024,16,65536,65536,255,1024,64,0,1,0,0,0,1,0,0,0,0,0,0,0,0,0,0,0,0,0,0,0,0,0,0,0,0,0,0,0,0,0,0,0,0,0,0,0,0,0,0,0,0,0,6530948
exxact_wilson_dslash_collapse1_guided,1,0,0,0,Clang,Exxact,2,10,2,2400,640,640,20480,28160,NVIDIA GeForce RTX 2080,32,7000,448,7982,2100,2944,7.5,32,32,1024,16,65536,65536,255,1024,64,1,0,0,0,0,0,1,0,1,4294967292,2147483647,0,0,0,2147483646,0,0,0,0,0,2147483646,0,0,0,0,0,0.000000,9.632960,9.331930,0,0,0,9.331930,0,0,0,0,0,9.331930,0,0,0,0,11589864
exxact_wilson_dslash_collapse2_guided,1,0,0,0,Clang,Exxact,2,10,2,2400,640,640,20480,28160,NVIDIA GeForce RTX 2080,32,7000,448,7982,2100,2944,7.5,32,32,1024,16,65536,65536,255,1024,64,0,1,0,0,0,0,1,0,0,0,0,0,0,0,0,0,0,0,0,0,0,0,0,0,0,0,0,0,0,0,0,0,0,0,0,0,0,0,0,0,0,0,0,6510388
exxact_dwf_dslash_4,1,0,0,0,Clang,Exxact,2,10,2,2400,640,640,20480,28160,NVIDIA GeForce RTX 2080,32,7000,448,7982,2100,2944,7.5,32,32,1024,16,65536,65536,255,1024,64,1,0,0,0,1,0,0,0,0,1,0,0,0,0,0,0,0,0,0,0,0,0,0,0,0,0,0,0.000000,0,0,0,0,0,0,0,0,0,0,0,0,0,0,0,1471204
exxact_wilson_dslash_collapse1_static,1,0,0,0,Clang,Exxact,2,10,2,2400,640,640,20480,28160,NVIDIA GeForce RTX 2080,32,7000,448,7982,2100,2944,7.5,32,32,1024,16,65536,65536,255,1024,64,1,0,0,0,1,0,0,0,1,4294967292,2147483647,0,0,0,2147483646,0,0,0,0,0,2147483646,0,0,0,0,0,0.000000,9.632960,9.331930,0,0,0,9.331930,0,0,0,0,0,9.331930,0,0,0,0,2829540
exxact_wilson_dslash_collapse2_static,1,0,0,0,Clang,Exxact,2,10,2,2400,640,640,20480,28160,NVIDIA GeForce RTX 2080,32,7000,448,7982,2100,2944,7.5,32,32,1024,16,65536,65536,255,1024,64,0,1,0,0,1,0,0,0,0,0,0,0,0,0,0,0,0,0,0,0,0,0,0,0,0,0,0,0,0,0,0,0,0,0,0,0,0,0,0,0,0,0,0,1068236
exxact_wilson_dslash_collapse1_dynamic,1,0,0,0,Clang,Exxact,2,10,2,2400,640,640,20480,28160,NVIDIA GeForce RTX 2080,32,7000,448,7982,2100,2944,7.5,32,32,1024,16,65536,65536,255,1024,64,1,0,0,0,0,1,0,0,1,4294967292,2147483647,0,0,0,2147483646,0,0,0,0,0,2147483646,0,0,0,0,0,0.000000,9.632960,9.331930,0,0,0,9.331930,0,0,0,0,0,9.331930,0,0,0,0,34527491
exxact_wilson_dslash_collapse2_dynamic,1,0,0,0,Clang,Exxact,2,10,2,2400,640,640,20480,28160,NVIDIA GeForce RTX 2080,32,7000,448,7982,2100,2944,7.5,32,32,1024,16,65536,65536,255,1024,64,0,1,0,0,0,1,0,0,0,0,0,0,0,0,0,0,0,0,0,0,0,0,0,0,0,0,0,0,0,0,0,0,0,0,0,0,0,0,0,0,0,0,0,7451529
exxact_wilson_dslash_collapse1_guided,1,0,0,0,Clang,Exxact,2,10,2,2400,640,640,20480,28160,NVIDIA GeForce RTX 2080,32,7000,448,7982,2100,2944,7.5,32,32,1024,16,65536,65536,255,1024,64,1,0,0,0,0,0,1,0,1,4294967292,2147483647,0,0,0,2147483646,0,0,0,0,0,2147483646,0,0,0,0,0,0.000000,9.632960,9.331930,0,0,0,9.331930,0,0,0,0,0,9.331930,0,0,0,0,34820406
exxact_wilson_dslash_collapse2_guided,1,0,0,0,Clang,Exxact,2,10,2,2400,640,640,20480,28160,NVIDIA GeForce RTX 2080,32,7000,448,7982,2100,2944,7.5,32,32,1024,16,65536,65536,255,1024,64,0,1,0,0,0,0,1,0,0,0,0,0,0,0,0,0,0,0,0,0,0,0,0,0,0,0,0,0,0,0,0,0,0,0,0,0,0,0,0,0,0,0,0,7374289
exxact_dwf_dslash_4,1,0,0,0,Clang,Exxact,2,10,2,2400,640,640,20480,28160,NVIDIA GeForce RTX 2080,32,7000,448,7982,2100,2944,7.5,32,32,1024,16,65536,65536,255,1024,64,1,0,0,0,1,0,0,0,0,1,0,0,0,0,0,0,0,0,0,0,0,0,0,0,0,0,0,0.000000,0,0,0,0,0,0,0,0,0,0,0,0,0,0,0,2829540
exxact_wilson_dslash_collapse1_static,1,0,0,0,Clang,Exxact,2,10,2,2400,640,640,20480,28160,NVIDIA GeForce RTX 2080,32,7000,448,7982,2100,2944,7.5,32,32,1024,16,65536,65536,255,1024,64,1,0,0,0,1,0,0,0,1,4294967292,2147483647,0,0,0,2147483646,0,0,0,0,0,2147483646,0,0,0,0,0,0.000000,9.632960,9.331930,0,0,0,9.331930,0,0,0,0,0,9.331930,0,0,0,0,4304030
exxact_wilson_dslash_collapse2_static,1,0,0,0,Clang,Exxact,2,10,2,2400,640,640,20480,28160,NVIDIA GeForce RTX 2080,32,7000,448,7982,2100,2944,7.5,32,32,1024,16,65536,65536,255,1024,64,0,1,0,0,1,0,0,0,0,0,0,0,0,0,0,0,0,0,0,0,0,0,0,0,0,0,0,0,0,0,0,0,0,0,0,0,0,0,0,0,0,0,0,1892467
exxact_wilson_dslash_collapse1_dynamic,1,0,0,0,Clang,Exxact,2,10,2,2400,640,640,20480,28160,NVIDIA GeForce RTX 2080,32,7000,448,7982,2100,2944,7.5,32,32,1024,16,65536,65536,255,1024,64,1,0,0,0,0,1,0,0,1,4294967292,2147483647,0,0,0,2147483646,0,0,0,0,0,2147483646,0,0,0,0,0,0.000000,9.632960,9.331930,0,0,0,9.331930,0,0,0,0,0,9.331930,0,0,0,0,69122599
exxact_wilson_dslash_collapse2_dynamic,1,0,0,0,Clang,Exxact,2,10,2,2400,640,640,20480,28160,NVIDIA GeForce RTX 2080,32,7000,448,7982,2100,2944,7.5,32,32,1024,16,65536,65536,255,1024,64,0,1,0,0,0,1,0,0,0,0,0,0,0,0,0,0,0,0,0,0,0,0,0,0,0,0,0,0,0,0,0,0,0,0,0,0,0,0,0,0,0,0,0,8902689
exxact_wilson_dslash_collapse1_guided,1,0,0,0,Clang,Exxact,2,10,2,2400,640,640,20480,28160,NVIDIA GeForce RTX 2080,32,7000,448,7982,2100,2944,7.5,32,32,1024,16,65536,65536,255,1024,64,1,0,0,0,0,0,1,0,1,4294967292,2147483647,0,0,0,2147483646,0,0,0,0,0,2147483646,0,0,0,0,0,0.000000,9.632960,9.331930,0,0,0,9.331930,0,0,0,0,0,9.331930,0,0,0,0,70039968
exxact_wilson_dslash_collapse2_guided,1,0,0,0,Clang,Exxact,2,10,2,2400,640,640,20480,28160,NVIDIA GeForce RTX 2080,32,7000,448,7982,2100,2944,7.5,32,32,1024,16,65536,65536,255,1024,64,0,1,0,0,0,0,1,0,0,0,0,0,0,0,0,0,0,0,0,0,0,0,0,0,0,0,0,0,0,0,0,0,0,0,0,0,0,0,0,0,0,0,0,9215921
exxact_dwf_dslash_4,1,0,0,0,Clang,Exxact,2,10,2,2400,640,640,20480,28160,NVIDIA GeForce RTX 2080,32,7000,448,7982,2100,2944,7.5,32,32,1024,16,65536,65536,255,1024,64,1,0,0,0,1,0,0,0,0,1,0,0,0,0,0,0,0,0,0,0,0,0,0,0,0,0,0,0.000000,0,0,0,0,0,0,0,0,0,0,0,0,0,0,0,4304030
exxact_wilson_dslash_collapse1_static,1,0,0,0,Clang,Exxact,2,10,2,2400,640,640,20480,28160,NVIDIA GeForce RTX 2080,32,7000,448,7982,2100,2944,7.5,32,32,1024,16,65536,65536,255,1024,64,1,0,0,0,1,0,0,0,1,4294967292,2147483647,0,0,0,2147483646,0,0,0,0,0,2147483646,0,0,0,0,0,0.000000,9.632960,9.331930,0,0,0,9.331930,0,0,0,0,0,9.331930,0,0,0,0,4749633
exxact_wilson_dslash_collapse2_static,1,0,0,0,Clang,Exxact,2,10,2,2400,640,640,20480,28160,NVIDIA GeForce RTX 2080,32,7000,448,7982,2100,2944,7.5,32,32,1024,16,65536,65536,255,1024,64,0,1,0,0,1,0,0,0,0,0,0,0,0,0,0,0,0,0,0,0,0,0,0,0,0,0,0,0,0,0,0,0,0,0,0,0,0,0,0,0,0,0,0,1124005
exxact_wilson_dslash_collapse1_dynamic,1,0,0,0,Clang,Exxact,2,10,2,2400,640,640,20480,28160,NVIDIA GeForce RTX 2080,32,7000,448,7982,2100,2944,7.5,32,32,1024,16,65536,65536,255,1024,64,1,0,0,0,0,1,0,0,1,4294967292,2147483647,0,0,0,2147483646,0,0,0,0,0,2147483646,0,0,0,0,0,0.000000,9.632960,9.331930,0,0,0,9.331930,0,0,0,0,0,9.331930,0,0,0,0,34732914
exxact_wilson_dslash_collapse2_dynamic,1,0,0,0,Clang,Exxact,2,10,2,2400,640,640,20480,28160,NVIDIA GeForce RTX 2080,32,7000,448,7982,2100,2944,7.5,32,32,1024,16,65536,65536,255,1024,64,0,1,0,0,0,1,0,0,0,0,0,0,0,0,0,0,0,0,0,0,0,0,0,0,0,0,0,0,0,0,0,0,0,0,0,0,0,0,0,0,0,0,0,7483078
exxact_wilson_dslash_collapse1_guided,1,0,0,0,Clang,Exxact,2,10,2,2400,640,640,20480,28160,NVIDIA GeForce RTX 2080,32,7000,448,7982,2100,2944,7.5,32,32,1024,16,65536,65536,255,1024,64,1,0,0,0,0,0,1,0,1,4294967292,2147483647,0,0,0,2147483646,0,0,0,0,0,2147483646,0,0,0,0,0,0.000000,9.632960,9.331930,0,0,0,9.331930,0,0,0,0,0,9.331930,0,0,0,0,34698120
exxact_wilson_dslash_collapse2_guided,1,0,0,0,Clang,Exxact,2,10,2,2400,640,640,20480,28160,NVIDIA GeForce RTX 2080,32,7000,448,7982,2100,2944,7.5,32,32,1024,16,65536,65536,255,1024,64,0,1,0,0,0,0,1,0,0,0,0,0,0,0,0,0,0,0,0,0,0,0,0,0,0,0,0,0,0,0,0,0,0,0,0,0,0,0,0,0,0,0,0,7621171
exxact_dwf_dslash_4,1,0,0,0,Clang,Exxact,2,10,2,2400,640,640,20480,28160,NVIDIA GeForce RTX 2080,32,7000,448,7982,2100,2944,7.5,32,32,1024,16,65536,65536,255,1024,64,1,0,0,0,1,0,0,0,0,1,0,0,0,0,0,0,0,0,0,0,0,0,0,0,0,0,0,0.000000,0,0,0,0,0,0,0,0,0,0,0,0,0,0,0,4749633
exxact_wilson_dslash_collapse1_static,1,0,0,0,Clang,Exxact,2,10,2,2400,640,640,20480,28160,NVIDIA GeForce RTX 2080,32,7000,448,7982,2100,2944,7.5,32,32,1024,16,65536,65536,255,1024,64,1,0,0,0,1,0,0,0,1,4294967292,2147483647,0,0,0,2147483646,0,0,0,0,0,2147483646,0,0,0,0,0,0.000000,9.632960,9.331930,0,0,0,9.331930,0,0,0,0,0,9.331930,0,0,0,0,8475111
exxact_wilson_dslash_collapse2_static,1,0,0,0,Clang,Exxact,2,10,2,2400,640,640,20480,28160,NVIDIA GeForce RTX 2080,32,7000,448,7982,2100,2944,7.5,32,32,1024,16,65536,65536,255,1024,64,0,1,0,0,1,0,0,0,0,0,0,0,0,0,0,0,0,0,0,0,0,0,0,0,0,0,0,0,0,0,0,0,0,0,0,0,0,0,0,0,0,0,0,2343701
exxact_wilson_dslash_collapse1_dynamic,1,0,0,0,Clang,Exxact,2,10,2,2400,640,640,20480,28160,NVIDIA GeForce RTX 2080,32,7000,448,7982,2100,2944,7.5,32,32,1024,16,65536,65536,255,1024,64,1,0,0,0,0,1,0,0,1,4294967292,2147483647,0,0,0,2147483646,0,0,0,0,0,2147483646,0,0,0,0,0,0.000000,9.632960,9.331930,0,0,0,9.331930,0,0,0,0,0,9.331930,0,0,0,0,69082931
exxact_wilson_dslash_collapse2_dynamic,1,0,0,0,Clang,Exxact,2,10,2,2400,640,640,20480,28160,NVIDIA GeForce RTX 2080,32,7000,448,7982,2100,2944,7.5,32,32,1024,16,65536,65536,255,1024,64,0,1,0,0,0,1,0,0,0,0,0,0,0,0,0,0,0,0,0,0,0,0,0,0,0,0,0,0,0,0,0,0,0,0,0,0,0,0,0,0,0,0,0,9223076
exxact_wilson_dslash_collapse1_guided,1,0,0,0,Clang,Exxact,2,10,2,2400,640,640,20480,28160,NVIDIA GeForce RTX 2080,32,7000,448,7982,2100,2944,7.5,32,32,1024,16,65536,65536,255,1024,64,1,0,0,0,0,0,1,0,1,4294967292,2147483647,0,0,0,2147483646,0,0,0,0,0,2147483646,0,0,0,0,0,0.000000,9.632960,9.331930,0,0,0,9.331930,0,0,0,0,0,9.331930,0,0,0,0,69843249
exxact_wilson_dslash_collapse2_guided,1,0,0,0,Clang,Exxact,2,10,2,2400,640,640,20480,28160,NVIDIA GeForce RTX 2080,32,7000,448,7982,2100,2944,7.5,32,32,1024,16,65536,65536,255,1024,64,0,1,0,0,0,0,1,0,0,0,0,0,0,0,0,0,0,0,0,0,0,0,0,0,0,0,0,0,0,0,0,0,0,0,0,0,0,0,0,0,0,0,0,9080008
exxact_dwf_dslash_4,1,0,0,0,Clang,Exxact,2,10,2,2400,640,640,20480,28160,NVIDIA GeForce RTX 2080,32,7000,448,7982,2100,2944,7.5,32,32,1024,16,65536,65536,255,1024,64,1,0,0,0,1,0,0,0,0,1,0,0,0,0,0,0,0,0,0,0,0,0,0,0,0,0,0,0.000000,0,0,0,0,0,0,0,0,0,0,0,0,0,0,0,8475111
